#t U_1, U_2
-50.00000e-3,+147.93468e-3,-16.23116e-3
-49.95000e-3,+141.00001e-3,-12.71358e-3
-49.90000e-3,+143.11056e-3,-16.23116e-3
-49.85000e-3,+143.41207e-3,-8.69348e-3
-49.80000e-3,+143.11056e-3,-653.28e-6
-49.75000e-3,+147.93468e-3,-12.21106e-3
-49.70000e-3,+143.11056e-3,-8.19096e-3
-49.65000e-3,+143.11056e-3,-8.19096e-3
-49.60000e-3,+147.93468e-3,-8.19096e-3
-49.55000e-3,+140.69850e-3,-8.69348e-3
-49.50000e-3,+147.93468e-3,-653.28e-6
-49.45000e-3,+145.82413e-3,-8.19096e-3
-49.40000e-3,+143.11056e-3,-8.19096e-3
-49.35000e-3,+143.11056e-3,-12.71358e-3
-49.30000e-3,+143.11056e-3,-8.19096e-3
-49.25000e-3,+140.69850e-3,-4.67338e-3
-49.20000e-3,+143.11056e-3,-653.28e-6
-49.15000e-3,+145.52262e-3,-4.17086e-3
-49.10000e-3,+143.11056e-3,-8.19096e-3
-49.05000e-3,+143.11056e-3,-12.21106e-3
-49.00000e-3,+143.11056e-3,-16.23116e-3
-48.95000e-3,+143.11056e-3,-8.19096e-3
-48.90000e-3,+138.58795e-3,-8.19096e-3
-48.85000e-3,+143.11056e-3,-8.19096e-3
-48.80000e-3,+143.11056e-3,-8.19096e-3
-48.75000e-3,+141.00001e-3,-8.19096e-3
-48.70000e-3,+143.11056e-3,-8.19096e-3
-48.65000e-3,+140.69850e-3,-8.19096e-3
-48.60000e-3,+143.11056e-3,-8.19096e-3
-48.55000e-3,+145.82413e-3,-4.67338e-3
-48.50000e-3,+138.28644e-3,-8.19096e-3
-48.45000e-3,+135.87438e-3,-8.19096e-3
-48.40000e-3,+138.28644e-3,-653.28e-6
-48.35000e-3,+138.28644e-3,+3.86934e-3
-48.30000e-3,+133.46232e-3,-150.76e-6
-48.25000e-3,+131.35176e-3,+3.86934e-3
-48.20000e-3,+128.63820e-3,+7.88944e-3
-48.15000e-3,-158.39698e-3,+285.27637e-3
-48.10000e-3,-155.98492e-3,+345.07536e-3
-48.05000e-3,-155.98492e-3,+369.69848e-3
-48.00000e-3,-155.98492e-3,+385.27637e-3
-47.95000e-3,-155.98492e-3,+373.71858e-3
-47.90000e-3,-155.98492e-3,+353.61808e-3
-47.85000e-3,-155.98492e-3,+305.37687e-3
-47.80000e-3,-155.98492e-3,+257.13567e-3
-47.75000e-3,-155.98492e-3,+192.31155e-3
-47.70000e-3,-155.98492e-3,+111.90954e-3
-47.65000e-3,-153.57286e-3,+27.98994e-3
-47.60000e-3,-155.98492e-3,-48.39197e-3
-47.55000e-3,-155.98492e-3,-137.33669e-3
-47.50000e-3,-155.68341e-3,-201.15579e-3
-47.45000e-3,-158.39698e-3,-261.95980e-3
-47.40000e-3,-151.16080e-3,-298.14071e-3
-47.35000e-3,-153.27135e-3,-337.83920e-3
-47.30000e-3,-151.16080e-3,-345.87940e-3
-47.25000e-3,-155.98492e-3,-349.89950e-3
-47.20000e-3,-155.98492e-3,-321.75880e-3
-47.15000e-3,-153.57286e-3,-294.12061e-3
-47.10000e-3,-151.16080e-3,-249.39699e-3
-47.05000e-3,-153.57286e-3,-181.05528e-3
-47.00000e-3,-155.68341e-3,-120.75378e-3
-46.95000e-3,-153.27135e-3,-56.43217e-3
-46.90000e-3,-151.16080e-3,-150.76e-6
-46.85000e-3,-155.98492e-3,+88.29145e-3
-46.80000e-3,-155.68341e-3,+144.57285e-3
-46.75000e-3,-155.98492e-3,+204.87436e-3
-46.70000e-3,-151.16080e-3,+241.05527e-3
-46.65000e-3,-153.27135e-3,+268.69346e-3
-46.60000e-3,-151.16080e-3,+281.25627e-3
-46.55000e-3,-155.98492e-3,+276.73366e-3
-46.50000e-3,-155.98492e-3,+265.17587e-3
-46.45000e-3,-153.57286e-3,+237.03516e-3
-46.40000e-3,-155.68341e-3,+200.35175e-3
-46.35000e-3,-153.27135e-3,+156.13064e-3
-46.30000e-3,-151.16080e-3,+95.82914e-3
-46.25000e-3,-153.57286e-3,+35.52763e-3
-46.20000e-3,-155.98492e-3,-24.27137e-3
-46.15000e-3,-153.27135e-3,-68.99498e-3
-46.10000e-3,-155.68341e-3,-137.33669e-3
-46.05000e-3,-155.98492e-3,-185.07538e-3
-46.00000e-3,-155.68341e-3,-225.27639e-3
-45.95000e-3,-155.98492e-3,-245.37689e-3
-45.90000e-3,-155.98492e-3,-265.47739e-3
-45.85000e-3,-155.98492e-3,-261.45729e-3
-45.80000e-3,-151.16080e-3,-249.39699e-3
-45.75000e-3,-155.98492e-3,-221.75880e-3
-45.70000e-3,-155.68341e-3,-201.15579e-3
-45.65000e-3,-155.98492e-3,-152.91458e-3
-45.60000e-3,-151.16080e-3,-104.67337e-3
-45.55000e-3,-153.57286e-3,-64.47237e-3
-45.50000e-3,-151.16080e-3,-150.76e-6
-45.45000e-3,-153.57286e-3,+43.56783e-3
-45.40000e-3,-155.98492e-3,+103.86934e-3
-45.35000e-3,-158.09547e-3,+132.01004e-3
-45.30000e-3,-155.98492e-3,+168.69346e-3
-45.25000e-3,-153.27135e-3,+196.33165e-3
-45.20000e-3,-155.98492e-3,+208.39195e-3
-45.15000e-3,-153.57286e-3,+204.87436e-3
-45.10000e-3,-151.16080e-3,+192.81406e-3
-45.05000e-3,-155.98492e-3,+180.25125e-3
-45.00000e-3,-151.16080e-3,+152.61305e-3
-44.95000e-3,-155.98492e-3,+120.45225e-3
-44.90000e-3,-155.68341e-3,+87.78894e-3
-44.85000e-3,-153.27135e-3,+40.05024e-3
-44.80000e-3,-160.50753e-3,-8.19096e-3
-44.75000e-3,-155.98492e-3,-44.37187e-3
-44.70000e-3,-155.98492e-3,-89.09549e-3
-44.65000e-3,-155.98492e-3,-133.31659e-3
-44.60000e-3,-155.98492e-3,-153.41709e-3
-44.55000e-3,-153.57286e-3,-177.03518e-3
-44.50000e-3,-155.98492e-3,-193.61810e-3
-44.45000e-3,-155.98492e-3,-197.63820e-3
-44.40000e-3,-155.98492e-3,-193.11558e-3
-44.35000e-3,-153.27135e-3,-177.03518e-3
-44.30000e-3,-155.98492e-3,-152.91458e-3
-44.25000e-3,-153.27135e-3,-125.27639e-3
-44.20000e-3,-151.16080e-3,-88.59297e-3
-44.15000e-3,-158.09547e-3,-60.95478e-3
-44.10000e-3,-155.68341e-3,-8.69348e-3
-44.05000e-3,-153.57286e-3,+23.96984e-3
-44.00000e-3,-155.98492e-3,+56.13064e-3
-43.95000e-3,-151.16080e-3,+88.29145e-3
-43.90000e-3,-151.16080e-3,+112.41205e-3
-43.85000e-3,-151.16080e-3,+140.55275e-3
-43.80000e-3,-155.98492e-3,+152.61305e-3
-43.75000e-3,-155.98492e-3,+156.13064e-3
-43.70000e-3,-155.98492e-3,+152.61305e-3
-43.65000e-3,-153.57286e-3,+144.57285e-3
-43.60000e-3,-151.16080e-3,+112.41205e-3
-43.55000e-3,-153.57286e-3,+95.82914e-3
-43.50000e-3,-151.16080e-3,+71.70853e-3
-43.45000e-3,-155.98492e-3,+35.52763e-3
-43.40000e-3,-155.98492e-3,-150.76e-6
-43.35000e-3,-153.27135e-3,-32.31157e-3
-43.30000e-3,-155.98492e-3,-48.39197e-3
-43.25000e-3,-158.39698e-3,-93.11559e-3
-43.20000e-3,-155.68341e-3,-113.21609e-3
-43.15000e-3,-153.57286e-3,-136.83418e-3
-43.10000e-3,-155.98492e-3,-144.87438e-3
-43.05000e-3,-155.98492e-3,-156.93468e-3
-43.00000e-3,-151.16080e-3,-144.87438e-3
-42.95000e-3,-155.98492e-3,-144.87438e-3
-42.90000e-3,-155.98492e-3,-128.79398e-3
-42.85000e-3,-153.57286e-3,-104.67337e-3
-42.80000e-3,-155.98492e-3,-73.01508e-3
-42.75000e-3,-158.39698e-3,-60.95478e-3
-42.70000e-3,-155.98492e-3,-16.23116e-3
-42.65000e-3,-155.98492e-3,+7.88944e-3
-42.60000e-3,-151.16080e-3,+31.50753e-3
-42.55000e-3,-155.98492e-3,+56.13064e-3
-42.50000e-3,-151.16080e-3,+80.25125e-3
-42.45000e-3,-151.16080e-3,+100.35175e-3
-42.40000e-3,-151.16080e-3,+111.90954e-3
-42.35000e-3,-151.16080e-3,+116.43215e-3
-42.30000e-3,-155.68341e-3,+112.41205e-3
-42.25000e-3,-153.27135e-3,+108.39195e-3
-42.20000e-3,-160.80904e-3,+96.33165e-3
-42.15000e-3,-153.27135e-3,+80.25125e-3
-42.10000e-3,-155.98492e-3,+64.17084e-3
-42.05000e-3,-153.27135e-3,+32.01004e-3
-42.00000e-3,-155.98492e-3,+15.42713e-3
-41.95000e-3,-155.68341e-3,-20.25126e-3
-41.90000e-3,-151.16080e-3,-40.85428e-3
-41.85000e-3,-153.57286e-3,-48.39197e-3
-41.80000e-3,-155.98492e-3,-81.05528e-3
-41.75000e-3,-155.98492e-3,-101.15579e-3
-41.70000e-3,-155.98492e-3,-105.17589e-3
-41.65000e-3,-153.57286e-3,-117.23619e-3
-41.60000e-3,-155.98492e-3,-113.21609e-3
-41.55000e-3,-155.98492e-3,-116.73368e-3
-41.50000e-3,-155.98492e-3,-104.67337e-3
-41.45000e-3,-151.16080e-3,-88.59297e-3
-41.40000e-3,-151.16080e-3,-72.51257e-3
-41.35000e-3,-153.57286e-3,-60.95478e-3
-41.30000e-3,-151.16080e-3,-16.23116e-3
-41.25000e-3,-155.98492e-3,-150.76e-6
-41.20000e-3,-155.68341e-3,+15.92964e-3
-41.15000e-3,-155.98492e-3,+32.01004e-3
-41.10000e-3,-155.98492e-3,+56.13064e-3
-41.05000e-3,-155.68341e-3,+64.17084e-3
-41.00000e-3,-151.16080e-3,+72.21105e-3
-40.95000e-3,-155.98492e-3,+96.33165e-3
-40.90000e-3,-155.98492e-3,+88.29145e-3
-40.85000e-3,-153.27135e-3,+80.25125e-3
-40.80000e-3,-155.68341e-3,+72.21105e-3
-40.75000e-3,-153.27135e-3,+64.17084e-3
-40.70000e-3,-155.98492e-3,+56.13064e-3
-40.65000e-3,-153.27135e-3,+32.01004e-3
-40.60000e-3,-155.98492e-3,+15.42713e-3
-40.55000e-3,-155.98492e-3,-4.67338e-3
-40.50000e-3,-155.68341e-3,-24.77388e-3
-40.45000e-3,-158.09547e-3,-44.37187e-3
-40.40000e-3,-151.16080e-3,-56.43217e-3
-40.35000e-3,-155.98492e-3,-80.55277e-3
-40.30000e-3,-155.98492e-3,-88.59297e-3
-40.25000e-3,-155.98492e-3,-96.63317e-3
-40.20000e-3,-155.98492e-3,-89.09549e-3
-40.15000e-3,-155.98492e-3,-96.63317e-3
-40.10000e-3,-155.98492e-3,-81.05528e-3
-40.05000e-3,-155.98492e-3,-68.99498e-3
-40.00000e-3,-160.50753e-3,-56.93468e-3
-39.95000e-3,-153.57286e-3,-64.47237e-3
-39.90000e-3,-155.98492e-3,-24.27137e-3
-39.85000e-3,-155.98492e-3,-12.71358e-3
-39.80000e-3,-151.16080e-3,+15.92964e-3
-39.75000e-3,-151.16080e-3,+23.96984e-3
-39.70000e-3,-155.68341e-3,+32.01004e-3
-39.65000e-3,-158.39698e-3,+40.05024e-3
-39.60000e-3,-155.98492e-3,+55.62813e-3
-39.55000e-3,-151.16080e-3,+60.15074e-3
-39.50000e-3,-151.16080e-3,+64.17084e-3
-39.45000e-3,-155.98492e-3,+64.17084e-3
-39.40000e-3,-155.98492e-3,+63.66833e-3
-39.35000e-3,-155.98492e-3,+52.11054e-3
-39.30000e-3,-155.98492e-3,+47.58793e-3
-39.25000e-3,-155.98492e-3,+32.01004e-3
-39.20000e-3,-151.16080e-3,+7.88944e-3
-39.15000e-3,-155.98492e-3,-8.19096e-3
-39.10000e-3,-160.50753e-3,-16.23116e-3
-39.05000e-3,-155.98492e-3,-32.31157e-3
-39.00000e-3,-151.16080e-3,-40.35177e-3
-38.95000e-3,-153.27135e-3,-52.91458e-3
-38.90000e-3,-155.68341e-3,-64.47237e-3
-38.85000e-3,-153.27135e-3,-72.51257e-3
-38.80000e-3,-155.98492e-3,-73.01508e-3
-38.75000e-3,-153.57286e-3,-84.57287e-3
-38.70000e-3,-155.98492e-3,-64.97488e-3
-38.65000e-3,-155.98492e-3,-60.95478e-3
-38.60000e-3,-155.98492e-3,-56.43217e-3
-38.55000e-3,-151.16080e-3,-40.35177e-3
-38.50000e-3,-155.98492e-3,-24.27137e-3
-38.45000e-3,-153.27135e-3,-20.25126e-3
-38.40000e-3,-151.16080e-3,-150.76e-6
-38.35000e-3,-153.57286e-3,+15.92964e-3
-38.30000e-3,-155.98492e-3,+23.96984e-3
-38.25000e-3,-155.98492e-3,+32.01004e-3
-38.20000e-3,-155.98492e-3,+39.54773e-3
-38.15000e-3,-155.98492e-3,+40.05024e-3
-38.10000e-3,-155.98492e-3,+47.58793e-3
-38.05000e-3,-153.27135e-3,+51.60803e-3
-38.00000e-3,-151.16080e-3,+48.09044e-3
-37.95000e-3,-155.98492e-3,+44.07034e-3
-37.90000e-3,-151.16080e-3,+32.01004e-3
-37.85000e-3,-153.27135e-3,+23.96984e-3
-37.80000e-3,-151.16080e-3,+7.88944e-3
-37.75000e-3,-153.27135e-3,-150.76e-6
-37.70000e-3,-155.98492e-3,-8.69348e-3
-37.65000e-3,-155.98492e-3,-24.27137e-3
-37.60000e-3,-160.50753e-3,-32.81408e-3
-37.55000e-3,-155.98492e-3,-40.35177e-3
-37.50000e-3,-155.98492e-3,-48.39197e-3
-37.45000e-3,-155.98492e-3,-52.41207e-3
-37.40000e-3,-151.16080e-3,-56.43217e-3
-37.35000e-3,-155.98492e-3,-60.95478e-3
-37.30000e-3,-155.68341e-3,-64.47237e-3
-37.25000e-3,-151.16080e-3,-60.95478e-3
-37.20000e-3,-160.50753e-3,-40.85428e-3
-37.15000e-3,-153.27135e-3,-40.35177e-3
-37.10000e-3,-151.16080e-3,-32.31157e-3
-37.05000e-3,-153.57286e-3,-16.23116e-3
-37.00000e-3,-155.98492e-3,-8.19096e-3
-36.95000e-3,-153.57286e-3,-150.76e-6
-36.90000e-3,-151.16080e-3,+15.92964e-3
-36.85000e-3,-153.57286e-3,+23.96984e-3
-36.80000e-3,-155.98492e-3,+15.92964e-3
-36.75000e-3,-153.57286e-3,+35.52763e-3
-36.70000e-3,-155.98492e-3,+23.96984e-3
-36.65000e-3,-155.98492e-3,+36.03014e-3
-36.60000e-3,-155.98492e-3,+32.01004e-3
-36.55000e-3,-153.27135e-3,+23.96984e-3
-36.50000e-3,-155.98492e-3,+15.92964e-3
-36.45000e-3,-155.98492e-3,+23.96984e-3
-36.40000e-3,-151.16080e-3,+7.88944e-3
-36.35000e-3,-153.57286e-3,-150.76e-6
-36.30000e-3,-155.98492e-3,-8.19096e-3
-36.25000e-3,-151.16080e-3,-16.23116e-3
-36.20000e-3,-151.16080e-3,-24.77388e-3
-36.15000e-3,-155.98492e-3,-32.31157e-3
-36.10000e-3,-151.16080e-3,-40.35177e-3
-36.05000e-3,-151.16080e-3,-40.35177e-3
-36.00000e-3,-155.98492e-3,-40.85428e-3
-35.95000e-3,-153.27135e-3,-48.39197e-3
-35.90000e-3,-155.68341e-3,-48.39197e-3
-35.85000e-3,-151.16080e-3,-44.37187e-3
-35.80000e-3,-151.16080e-3,-40.35177e-3
-35.75000e-3,-155.98492e-3,-32.31157e-3
-35.70000e-3,-151.16080e-3,-24.27137e-3
-35.65000e-3,-153.57286e-3,-12.21106e-3
-35.60000e-3,-155.98492e-3,-653.28e-6
-35.55000e-3,-155.98492e-3,-150.76e-6
-35.50000e-3,-151.16080e-3,+7.38693e-3
-35.45000e-3,-158.09547e-3,+11.90954e-3
-35.40000e-3,-155.68341e-3,+23.46733e-3
-35.35000e-3,-155.98492e-3,+19.94974e-3
-35.30000e-3,-155.68341e-3,+23.96984e-3
-35.25000e-3,-153.27135e-3,+19.94974e-3
-35.20000e-3,-155.68341e-3,+15.92964e-3
-35.15000e-3,-155.98492e-3,+19.94974e-3
-35.10000e-3,-155.98492e-3,+23.46733e-3
-35.05000e-3,-158.39698e-3,+11.40703e-3
-35.00000e-3,-151.16080e-3,-150.76e-6
-34.95000e-3,-155.98492e-3,+3.86934e-3
-34.90000e-3,-151.16080e-3,-653.28e-6
-34.85000e-3,-155.98492e-3,-8.19096e-3
-34.80000e-3,-155.98492e-3,-16.73368e-3
-34.75000e-3,-153.57286e-3,-24.27137e-3
-34.70000e-3,-151.16080e-3,-24.27137e-3
-34.65000e-3,-151.16080e-3,-36.33167e-3
-34.60000e-3,-155.68341e-3,-32.31157e-3
-34.55000e-3,-153.27135e-3,-32.31157e-3
-34.50000e-3,-155.68341e-3,-40.35177e-3
-34.45000e-3,-151.16080e-3,-28.29147e-3
-34.40000e-3,-155.98492e-3,-32.31157e-3
-34.35000e-3,-153.27135e-3,-20.25126e-3
-34.30000e-3,-155.98492e-3,-24.27137e-3
-34.25000e-3,-153.27135e-3,-12.21106e-3
-34.20000e-3,-155.98492e-3,-16.23116e-3
-34.15000e-3,-151.16080e-3,-150.76e-6
-34.10000e-3,-155.98492e-3,+7.38693e-3
-34.05000e-3,-153.27135e-3,+7.88944e-3
-34.00000e-3,-155.98492e-3,+7.88944e-3
-33.95000e-3,-155.98492e-3,+15.92964e-3
-33.90000e-3,-151.16080e-3,+15.92964e-3
-33.85000e-3,-155.98492e-3,+11.40703e-3
-33.80000e-3,-160.50753e-3,+23.46733e-3
-33.75000e-3,-155.98492e-3,+15.92964e-3
-33.70000e-3,-151.16080e-3,+7.88944e-3
-33.65000e-3,-155.68341e-3,+7.88944e-3
-33.60000e-3,-155.98492e-3,+7.38693e-3
-33.55000e-3,-153.27135e-3,-8.19096e-3
-33.50000e-3,-151.16080e-3,-8.19096e-3
-33.45000e-3,-153.27135e-3,-12.71358e-3
-33.40000e-3,-151.16080e-3,-16.73368e-3
-33.35000e-3,-153.57286e-3,-20.75378e-3
-33.30000e-3,-151.16080e-3,-24.27137e-3
-33.25000e-3,-151.16080e-3,-24.77388e-3
-33.20000e-3,-151.16080e-3,-24.77388e-3
-33.15000e-3,-153.57286e-3,-32.31157e-3
-33.10000e-3,-155.68341e-3,-24.27137e-3
-33.05000e-3,-155.98492e-3,-24.27137e-3
-33.00000e-3,-155.68341e-3,-32.31157e-3
-32.95000e-3,-155.98492e-3,-20.25126e-3
-32.90000e-3,-155.98492e-3,-24.27137e-3
-32.85000e-3,-160.80904e-3,-12.21106e-3
-32.80000e-3,-151.16080e-3,-8.69348e-3
-32.75000e-3,-155.68341e-3,-8.19096e-3
-32.70000e-3,-155.68341e-3,-653.28e-6
-32.65000e-3,-153.27135e-3,+3.36683e-3
-32.60000e-3,-155.68341e-3,+7.38693e-3
-32.55000e-3,-155.98492e-3,+7.88944e-3
-32.50000e-3,-155.68341e-3,+7.88944e-3
-32.45000e-3,-155.98492e-3,+7.88944e-3
-32.40000e-3,-155.68341e-3,+7.88944e-3
-32.35000e-3,-153.57286e-3,+7.88944e-3
-32.30000e-3,-155.98492e-3,-150.76e-6
-32.25000e-3,-155.98492e-3,+3.36683e-3
-32.20000e-3,-151.16080e-3,-150.76e-6
-32.15000e-3,-155.98492e-3,-150.76e-6
-32.10000e-3,-151.16080e-3,-653.28e-6
-32.05000e-3,-151.16080e-3,-12.71358e-3
-32.00000e-3,-151.16080e-3,-16.23116e-3
-31.95000e-3,-151.16080e-3,-16.23116e-3
-31.90000e-3,-155.98492e-3,-16.73368e-3
-31.85000e-3,-153.57286e-3,-20.25126e-3
-31.80000e-3,-155.98492e-3,-24.27137e-3
-31.75000e-3,-153.57286e-3,-24.27137e-3
-31.70000e-3,-151.16080e-3,-16.73368e-3
-31.65000e-3,-155.98492e-3,-24.27137e-3
-31.60000e-3,-155.98492e-3,-16.73368e-3
-31.55000e-3,-153.57286e-3,-20.25126e-3
-31.50000e-3,-155.98492e-3,-16.73368e-3
-31.45000e-3,-155.98492e-3,-12.21106e-3
-31.40000e-3,-155.98492e-3,-8.69348e-3
-31.35000e-3,-148.44723e-3,-16.23116e-3
-31.30000e-3,-160.50753e-3,-150.76e-6
-31.25000e-3,-153.27135e-3,-4.17086e-3
-31.20000e-3,-151.16080e-3,-150.76e-6
-31.15000e-3,-158.39698e-3,+3.86934e-3
-31.10000e-3,-155.98492e-3,-150.76e-6
-31.05000e-3,-151.16080e-3,+3.36683e-3
-31.00000e-3,-155.98492e-3,+7.88944e-3
-30.95000e-3,-153.27135e-3,+7.88944e-3
-30.90000e-3,-151.16080e-3,-150.76e-6
-30.85000e-3,-158.09547e-3,+3.36683e-3
-30.80000e-3,-151.16080e-3,-150.76e-6
-30.75000e-3,-155.98492e-3,-8.19096e-3
-30.70000e-3,-155.98492e-3,-8.19096e-3
-30.65000e-3,-151.16080e-3,-8.19096e-3
-30.60000e-3,-151.16080e-3,-8.19096e-3
-30.55000e-3,-155.98492e-3,-16.23116e-3
-30.50000e-3,-155.98492e-3,-16.23116e-3
-30.45000e-3,-151.16080e-3,-16.23116e-3
-30.40000e-3,-151.16080e-3,-16.23116e-3
-30.35000e-3,-153.57286e-3,-20.75378e-3
-30.30000e-3,-155.98492e-3,-16.23116e-3
-30.25000e-3,-153.27135e-3,-20.25126e-3
-30.20000e-3,-155.68341e-3,-16.23116e-3
-30.15000e-3,-155.98492e-3,-16.23116e-3
-30.10000e-3,-151.16080e-3,-16.23116e-3
-30.05000e-3,-153.27135e-3,-8.19096e-3
-30.00000e-3,-155.98492e-3,-8.19096e-3
-29.95000e-3,-153.27135e-3,-8.19096e-3
-29.90000e-3,-151.16080e-3,-8.19096e-3
-29.85000e-3,-153.27135e-3,-4.17086e-3
-29.80000e-3,-160.50753e-3,+7.38693e-3
-29.75000e-3,-155.68341e-3,-4.17086e-3
-29.70000e-3,-151.16080e-3,-150.76e-6
-29.65000e-3,-153.27135e-3,-150.76e-6
-29.60000e-3,-160.50753e-3,-653.28e-6
-29.55000e-3,-153.57286e-3,-4.17086e-3
-29.50000e-3,-155.68341e-3,-653.28e-6
-29.45000e-3,-155.98492e-3,-150.76e-6
-29.40000e-3,-160.50753e-3,-8.19096e-3
-29.35000e-3,-155.98492e-3,+3.86934e-3
-29.30000e-3,-151.16080e-3,-8.19096e-3
-29.25000e-3,-153.57286e-3,-8.19096e-3
-29.20000e-3,-151.16080e-3,-8.19096e-3
-29.15000e-3,-155.98492e-3,-4.17086e-3
-29.10000e-3,-155.68341e-3,-16.23116e-3
-29.05000e-3,-153.27135e-3,-16.23116e-3
-29.00000e-3,-151.16080e-3,-24.27137e-3
-28.95000e-3,-155.98492e-3,-20.75378e-3
-28.90000e-3,-155.98492e-3,-16.23116e-3
-28.85000e-3,-155.98492e-3,-16.23116e-3
-28.80000e-3,-151.16080e-3,-24.27137e-3
-28.75000e-3,-155.98492e-3,-12.21106e-3
-28.70000e-3,-155.68341e-3,-16.23116e-3
-28.65000e-3,-153.57286e-3,-8.19096e-3
-28.60000e-3,-155.68341e-3,-16.23116e-3
-28.55000e-3,-155.98492e-3,-8.19096e-3
-28.50000e-3,-155.98492e-3,-150.76e-6
-28.45000e-3,-158.39698e-3,-8.19096e-3
-28.40000e-3,-155.98492e-3,-8.19096e-3
-28.35000e-3,-153.27135e-3,+3.36683e-3
-28.30000e-3,-151.16080e-3,-150.76e-6
-28.25000e-3,-153.57286e-3,-653.28e-6
-28.20000e-3,-151.16080e-3,-653.28e-6
-28.15000e-3,-151.16080e-3,-150.76e-6
-28.10000e-3,-155.68341e-3,-8.19096e-3
-28.05000e-3,-153.57286e-3,-4.67338e-3
-28.00000e-3,-151.16080e-3,-150.76e-6
-27.95000e-3,-155.98492e-3,-8.19096e-3
-27.90000e-3,-151.16080e-3,-150.76e-6
-27.85000e-3,-155.68341e-3,-12.21106e-3
-27.80000e-3,-155.98492e-3,-16.23116e-3
-27.75000e-3,-155.98492e-3,-4.17086e-3
-27.70000e-3,-151.16080e-3,-8.69348e-3
-27.65000e-3,-151.16080e-3,-16.23116e-3
-27.60000e-3,-155.98492e-3,-16.23116e-3
-27.55000e-3,-155.98492e-3,-16.23116e-3
-27.50000e-3,-155.68341e-3,-16.23116e-3
-27.45000e-3,-153.57286e-3,-16.23116e-3
-27.40000e-3,-155.68341e-3,-16.23116e-3
-27.35000e-3,-153.27135e-3,-12.21106e-3
-27.30000e-3,-155.98492e-3,-16.23116e-3
-27.25000e-3,-153.27135e-3,-12.71358e-3
-27.20000e-3,-155.68341e-3,-16.23116e-3
-27.15000e-3,-155.98492e-3,-12.21106e-3
-27.10000e-3,-155.98492e-3,-8.19096e-3
-27.05000e-3,-158.09547e-3,-8.19096e-3
-27.00000e-3,-155.68341e-3,-150.76e-6
-26.95000e-3,-151.16080e-3,-4.17086e-3
-26.90000e-3,-160.50753e-3,-8.19096e-3
-26.85000e-3,-153.27135e-3,-4.17086e-3
-26.80000e-3,-151.16080e-3,-8.19096e-3
-26.75000e-3,-155.98492e-3,-4.17086e-3
-26.70000e-3,-155.98492e-3,-8.19096e-3
-26.65000e-3,-153.57286e-3,-4.67338e-3
-26.60000e-3,-155.68341e-3,-16.23116e-3
-26.55000e-3,-158.09547e-3,-4.67338e-3
-26.50000e-3,-155.68341e-3,-8.19096e-3
-26.45000e-3,-155.98492e-3,-8.19096e-3
-26.40000e-3,-155.98492e-3,-150.76e-6
-26.35000e-3,-155.98492e-3,-8.19096e-3
-26.30000e-3,-155.98492e-3,-8.19096e-3
-26.25000e-3,-158.39698e-3,-12.21106e-3
-26.20000e-3,-155.98492e-3,-16.23116e-3
-26.15000e-3,-155.98492e-3,-16.23116e-3
-26.10000e-3,-155.98492e-3,-16.23116e-3
-26.05000e-3,-155.98492e-3,-12.71358e-3
-26.00000e-3,-155.68341e-3,-8.19096e-3
-25.95000e-3,-153.57286e-3,-12.21106e-3
-25.90000e-3,-155.68341e-3,-16.23116e-3
-25.85000e-3,-153.27135e-3,-12.21106e-3
-25.80000e-3,-151.16080e-3,-16.23116e-3
-25.75000e-3,-153.57286e-3,-8.19096e-3
-25.70000e-3,-155.98492e-3,-8.19096e-3
-25.65000e-3,-153.27135e-3,-150.76e-6
-25.60000e-3,-151.16080e-3,-8.19096e-3
-25.55000e-3,-155.98492e-3,-12.21106e-3
-25.50000e-3,-155.98492e-3,-653.28e-6
-25.45000e-3,-153.57286e-3,-12.21106e-3
-25.40000e-3,-151.16080e-3,-8.19096e-3
-25.35000e-3,-153.27135e-3,-4.67338e-3
-25.30000e-3,-155.98492e-3,-16.23116e-3
-25.25000e-3,-155.98492e-3,-150.76e-6
-25.20000e-3,-155.68341e-3,-8.19096e-3
-25.15000e-3,-155.98492e-3,-4.17086e-3
-25.10000e-3,-151.16080e-3,-150.76e-6
-25.05000e-3,-155.98492e-3,-8.19096e-3
-25.00000e-3,-151.16080e-3,-8.19096e-3
-24.95000e-3,-153.27135e-3,-8.19096e-3
-24.90000e-3,-151.16080e-3,-8.69348e-3
-24.85000e-3,-155.98492e-3,-12.21106e-3
-24.80000e-3,-155.98492e-3,-8.69348e-3
-24.75000e-3,-155.98492e-3,-8.19096e-3
-24.70000e-3,-155.98492e-3,-8.19096e-3
-24.65000e-3,-155.98492e-3,-16.23116e-3
-24.60000e-3,-160.50753e-3,-16.23116e-3
-24.55000e-3,-155.98492e-3,-8.19096e-3
-24.50000e-3,-151.16080e-3,-16.23116e-3
-24.45000e-3,-155.98492e-3,-8.19096e-3
-24.40000e-3,-155.98492e-3,-8.19096e-3
-24.35000e-3,-155.98492e-3,-12.21106e-3
-24.30000e-3,-155.98492e-3,-8.19096e-3
-24.25000e-3,-153.27135e-3,-12.21106e-3
-24.20000e-3,-151.16080e-3,-8.19096e-3
-24.15000e-3,-155.98492e-3,-4.17086e-3
-24.10000e-3,-151.16080e-3,-8.19096e-3
-24.05000e-3,-153.57286e-3,-4.17086e-3
-24.00000e-3,-155.98492e-3,-8.19096e-3
-23.95000e-3,-151.16080e-3,-8.69348e-3
-23.90000e-3,-151.16080e-3,-150.76e-6
-23.85000e-3,-153.27135e-3,-8.19096e-3
-23.80000e-3,-155.68341e-3,-8.19096e-3
-23.75000e-3,-155.98492e-3,-8.19096e-3
-23.70000e-3,-155.98492e-3,-8.69348e-3
-23.65000e-3,-155.98492e-3,-4.67338e-3
-23.60000e-3,-155.98492e-3,-8.19096e-3
-23.55000e-3,-155.98492e-3,-150.76e-6
-23.50000e-3,-155.98492e-3,-8.19096e-3
-23.45000e-3,-155.98492e-3,-12.21106e-3
-23.40000e-3,-155.68341e-3,-8.19096e-3
-23.35000e-3,-158.09547e-3,-12.21106e-3
-23.30000e-3,-155.98492e-3,-8.19096e-3
-23.25000e-3,-153.57286e-3,-12.21106e-3
-23.20000e-3,-155.98492e-3,-8.69348e-3
-23.15000e-3,-155.98492e-3,-16.23116e-3
-23.10000e-3,-151.16080e-3,-8.69348e-3
-23.05000e-3,-153.27135e-3,-12.71358e-3
-23.00000e-3,-155.98492e-3,-8.69348e-3
-22.95000e-3,-153.57286e-3,-8.19096e-3
-22.90000e-3,-155.98492e-3,-8.19096e-3
-22.85000e-3,-153.57286e-3,-8.19096e-3
-22.80000e-3,-151.16080e-3,-16.23116e-3
-22.75000e-3,-153.57286e-3,-4.17086e-3
-22.70000e-3,-155.68341e-3,-8.19096e-3
-22.65000e-3,-153.57286e-3,-4.17086e-3
-22.60000e-3,-155.68341e-3,-150.76e-6
-22.55000e-3,-155.98492e-3,-4.17086e-3
-22.50000e-3,-155.98492e-3,-8.19096e-3
-22.45000e-3,-155.98492e-3,-150.76e-6
-22.40000e-3,-155.68341e-3,-8.19096e-3
-22.35000e-3,-151.16080e-3,-4.67338e-3
-22.30000e-3,-155.98492e-3,-653.28e-6
-22.25000e-3,-153.27135e-3,-8.19096e-3
-22.20000e-3,-155.98492e-3,-8.19096e-3
-22.15000e-3,-155.98492e-3,-8.69348e-3
-22.10000e-3,-151.16080e-3,-8.19096e-3
-22.05000e-3,-153.27135e-3,-12.21106e-3
-22.00000e-3,-151.16080e-3,-653.28e-6
-21.95000e-3,-153.27135e-3,-8.19096e-3
-21.90000e-3,-151.16080e-3,-16.23116e-3
-21.85000e-3,-151.16080e-3,-12.71358e-3
-21.80000e-3,-155.98492e-3,-8.19096e-3
-21.75000e-3,-153.27135e-3,-12.21106e-3
-21.70000e-3,-151.16080e-3,-16.23116e-3
-21.65000e-3,-155.98492e-3,-12.71358e-3
-21.60000e-3,-155.68341e-3,-8.19096e-3
-21.55000e-3,-158.09547e-3,-12.21106e-3
-21.50000e-3,-151.16080e-3,-8.19096e-3
-21.45000e-3,-151.16080e-3,-8.19096e-3
-21.40000e-3,-155.98492e-3,-653.28e-6
-21.35000e-3,-155.98492e-3,-8.19096e-3
-21.30000e-3,-155.98492e-3,-8.19096e-3
-21.25000e-3,-155.98492e-3,-4.17086e-3
-21.20000e-3,-155.68341e-3,-8.19096e-3
-21.15000e-3,-153.57286e-3,-8.19096e-3
-21.10000e-3,-155.98492e-3,-653.28e-6
-21.05000e-3,-153.27135e-3,-4.17086e-3
-21.00000e-3,-155.68341e-3,-16.23116e-3
-20.95000e-3,-153.57286e-3,-4.17086e-3
-20.90000e-3,-151.16080e-3,-8.19096e-3
-20.85000e-3,-153.57286e-3,-8.19096e-3
-20.80000e-3,-151.16080e-3,-8.19096e-3
-20.75000e-3,-153.57286e-3,-8.19096e-3
-20.70000e-3,-151.16080e-3,-16.23116e-3
-20.65000e-3,-153.57286e-3,-8.19096e-3
-20.60000e-3,-155.68341e-3,-8.19096e-3
-20.55000e-3,-153.57286e-3,-8.19096e-3
-20.50000e-3,-155.98492e-3,-16.23116e-3
-20.45000e-3,-153.27135e-3,-16.23116e-3
-20.40000e-3,-155.98492e-3,-8.19096e-3
-20.35000e-3,-155.98492e-3,-4.67338e-3
-20.30000e-3,-155.98492e-3,-8.69348e-3
-20.25000e-3,-151.16080e-3,-16.23116e-3
-20.20000e-3,-155.98492e-3,-8.69348e-3
-20.15000e-3,-158.09547e-3,-12.71358e-3
-20.10000e-3,-160.50753e-3,-8.19096e-3
-20.05000e-3,-155.98492e-3,-4.17086e-3
-20.00000e-3,-160.50753e-3,-8.19096e-3
-19.95000e-3,-153.57286e-3,-12.71358e-3
-19.90000e-3,-151.16080e-3,-8.69348e-3
-19.85000e-3,-153.27135e-3,-8.19096e-3
-19.80000e-3,-151.16080e-3,-8.69348e-3
-19.75000e-3,-153.27135e-3,-8.19096e-3
-19.70000e-3,-155.68341e-3,-8.19096e-3
-19.65000e-3,-151.16080e-3,-8.19096e-3
-19.60000e-3,-151.16080e-3,-16.23116e-3
-19.55000e-3,-151.16080e-3,-8.19096e-3
-19.50000e-3,-151.16080e-3,-8.19096e-3
-19.45000e-3,-153.57286e-3,-12.21106e-3
-19.40000e-3,-155.68341e-3,-16.23116e-3
-19.35000e-3,-155.98492e-3,-8.19096e-3
-19.30000e-3,-155.98492e-3,-8.69348e-3
-19.25000e-3,-153.57286e-3,-20.75378e-3
-19.20000e-3,-155.98492e-3,-8.19096e-3
-19.15000e-3,-155.98492e-3,-8.19096e-3
-19.10000e-3,-151.16080e-3,-8.19096e-3
-19.05000e-3,-155.98492e-3,-8.19096e-3
-19.00000e-3,-160.50753e-3,-16.23116e-3
-18.95000e-3,-155.98492e-3,-8.19096e-3
-18.90000e-3,-155.98492e-3,-8.69348e-3
-18.85000e-3,-155.98492e-3,-8.19096e-3
-18.80000e-3,-155.98492e-3,-653.28e-6
-18.75000e-3,-153.27135e-3,-8.19096e-3
-18.70000e-3,-151.16080e-3,-16.23116e-3
-18.65000e-3,-155.98492e-3,-8.19096e-3
-18.60000e-3,-151.16080e-3,-653.28e-6
-18.55000e-3,-155.98492e-3,-8.19096e-3
-18.50000e-3,-151.16080e-3,-16.23116e-3
-18.45000e-3,-155.98492e-3,-12.21106e-3
-18.40000e-3,-155.98492e-3,-8.19096e-3
-18.35000e-3,-151.16080e-3,-12.21106e-3
-18.30000e-3,-155.98492e-3,-150.76e-6
-18.25000e-3,-155.98492e-3,-8.19096e-3
-18.20000e-3,-160.50753e-3,-8.19096e-3
-18.15000e-3,-153.27135e-3,-150.76e-6
-18.10000e-3,-155.98492e-3,-653.28e-6
-18.05000e-3,-153.27135e-3,-8.19096e-3
-18.00000e-3,-155.68341e-3,-8.19096e-3
-17.95000e-3,-153.27135e-3,-8.19096e-3
-17.90000e-3,-155.68341e-3,-8.19096e-3
-17.85000e-3,-158.39698e-3,-8.19096e-3
-17.80000e-3,-151.16080e-3,-8.69348e-3
-17.75000e-3,-151.16080e-3,-12.21106e-3
-17.70000e-3,-155.68341e-3,-8.69348e-3
-17.65000e-3,-155.98492e-3,-8.19096e-3
-17.60000e-3,-155.68341e-3,-8.19096e-3
-17.55000e-3,-155.98492e-3,-4.67338e-3
-17.50000e-3,-151.16080e-3,-8.69348e-3
-17.45000e-3,-153.57286e-3,-8.19096e-3
-17.40000e-3,-151.16080e-3,-16.23116e-3
-17.35000e-3,-155.98492e-3,-8.19096e-3
-17.30000e-3,-155.98492e-3,-8.19096e-3
-17.25000e-3,-151.16080e-3,-8.19096e-3
-17.20000e-3,-155.98492e-3,-8.19096e-3
-17.15000e-3,-158.39698e-3,-12.21106e-3
-17.10000e-3,-155.68341e-3,-8.19096e-3
-17.05000e-3,-155.98492e-3,-8.19096e-3
-17.00000e-3,-155.98492e-3,-8.19096e-3
-16.95000e-3,-158.09547e-3,-12.71358e-3
-16.90000e-3,-155.68341e-3,-8.19096e-3
-16.85000e-3,-155.98492e-3,-150.76e-6
-16.80000e-3,-155.98492e-3,-8.69348e-3
-16.75000e-3,-155.98492e-3,-4.67338e-3
-16.70000e-3,-155.98492e-3,-653.28e-6
-16.65000e-3,-155.98492e-3,-4.17086e-3
-16.60000e-3,-160.50753e-3,-16.23116e-3
-16.55000e-3,-158.09547e-3,-8.19096e-3
-16.50000e-3,-151.16080e-3,-8.19096e-3
-16.45000e-3,-158.09547e-3,-8.69348e-3
-16.40000e-3,-155.68341e-3,-653.28e-6
-16.35000e-3,-153.27135e-3,-12.21106e-3
-16.30000e-3,-155.98492e-3,-8.19096e-3
-16.25000e-3,-155.98492e-3,-8.19096e-3
-16.20000e-3,-151.16080e-3,-8.19096e-3
-16.15000e-3,-153.57286e-3,-12.71358e-3
-16.10000e-3,-155.98492e-3,-16.23116e-3
-16.05000e-3,-153.57286e-3,-12.21106e-3
-16.00000e-3,-155.98492e-3,-8.19096e-3
-15.95000e-3,-155.98492e-3,-8.19096e-3
-15.90000e-3,-151.16080e-3,-8.19096e-3
-15.85000e-3,-153.27135e-3,-8.19096e-3
-15.80000e-3,-155.98492e-3,-16.23116e-3
-15.75000e-3,-153.57286e-3,-8.19096e-3
-15.70000e-3,-151.16080e-3,-653.28e-6
-15.65000e-3,-155.98492e-3,-4.17086e-3
-15.60000e-3,-155.68341e-3,-8.19096e-3
-15.55000e-3,-151.16080e-3,-8.19096e-3
-15.50000e-3,-151.16080e-3,-8.19096e-3
-15.45000e-3,-153.57286e-3,-8.19096e-3
-15.40000e-3,-151.16080e-3,-8.19096e-3
-15.35000e-3,-155.98492e-3,-4.17086e-3
-15.30000e-3,-155.98492e-3,-8.19096e-3
-15.25000e-3,-155.98492e-3,-12.21106e-3
-15.20000e-3,-155.98492e-3,-653.28e-6
-15.15000e-3,-153.27135e-3,-4.67338e-3
-15.10000e-3,-151.16080e-3,-8.19096e-3
-15.05000e-3,-153.57286e-3,-8.19096e-3
-15.00000e-3,-155.68341e-3,-8.19096e-3
-14.95000e-3,-155.98492e-3,-8.19096e-3
-14.90000e-3,-155.98492e-3,-8.69348e-3
-14.85000e-3,-153.57286e-3,-8.19096e-3
-14.80000e-3,-155.98492e-3,-8.19096e-3
-14.75000e-3,-153.27135e-3,-12.71358e-3
-14.70000e-3,-155.68341e-3,-150.76e-6
-14.65000e-3,-153.27135e-3,-8.19096e-3
-14.60000e-3,-151.16080e-3,-8.19096e-3
-14.55000e-3,-153.27135e-3,-4.17086e-3
-14.50000e-3,-155.98492e-3,-8.19096e-3
-14.45000e-3,-158.09547e-3,-8.19096e-3
-14.40000e-3,-151.16080e-3,-8.19096e-3
-14.35000e-3,-153.27135e-3,-4.67338e-3
-14.30000e-3,-151.16080e-3,-8.19096e-3
-14.25000e-3,-155.98492e-3,-8.19096e-3
-14.20000e-3,-155.98492e-3,-653.28e-6
-14.15000e-3,-153.57286e-3,-8.69348e-3
-14.10000e-3,-151.16080e-3,-8.19096e-3
-14.05000e-3,-155.68341e-3,-4.17086e-3
-14.00000e-3,-155.98492e-3,-16.23116e-3
-13.95000e-3,-155.98492e-3,-8.19096e-3
-13.90000e-3,-155.98492e-3,-16.23116e-3
-13.85000e-3,-155.98492e-3,-8.19096e-3
-13.80000e-3,-155.98492e-3,-653.28e-6
-13.75000e-3,-155.98492e-3,-8.19096e-3
-13.70000e-3,-155.98492e-3,-16.23116e-3
-13.65000e-3,-155.98492e-3,-12.71358e-3
-13.60000e-3,-151.16080e-3,-16.23116e-3
-13.55000e-3,-151.16080e-3,-16.23116e-3
-13.50000e-3,-151.16080e-3,-8.69348e-3
-13.45000e-3,-155.98492e-3,-150.76e-6
-13.40000e-3,-155.98492e-3,-8.19096e-3
-13.35000e-3,-158.39698e-3,-8.19096e-3
-13.30000e-3,-155.98492e-3,-8.19096e-3
-13.25000e-3,-155.98492e-3,-12.21106e-3
-13.20000e-3,-155.98492e-3,-653.28e-6
-13.15000e-3,-155.98492e-3,-8.19096e-3
-13.10000e-3,-151.16080e-3,-8.19096e-3
-13.05000e-3,-153.57286e-3,-12.71358e-3
-13.00000e-3,-151.16080e-3,-16.23116e-3
-12.95000e-3,-153.57286e-3,-8.19096e-3
-12.90000e-3,-155.68341e-3,-8.69348e-3
-12.85000e-3,-155.98492e-3,-12.71358e-3
-12.80000e-3,-160.50753e-3,-8.19096e-3
-12.75000e-3,-151.16080e-3,-12.71358e-3
-12.70000e-3,-155.98492e-3,-16.23116e-3
-12.65000e-3,-153.27135e-3,-8.19096e-3
-12.60000e-3,-155.98492e-3,-16.23116e-3
-12.55000e-3,-153.57286e-3,-12.21106e-3
-12.50000e-3,-155.68341e-3,-8.19096e-3
-12.45000e-3,-155.98492e-3,-8.19096e-3
-12.40000e-3,-151.16080e-3,-8.19096e-3
-12.35000e-3,-151.16080e-3,-8.19096e-3
-12.30000e-3,-155.98492e-3,-8.19096e-3
-12.25000e-3,-151.16080e-3,-12.21106e-3
-12.20000e-3,-155.68341e-3,-8.19096e-3
-12.15000e-3,-158.39698e-3,-16.23116e-3
-12.10000e-3,-155.98492e-3,-8.19096e-3
-12.05000e-3,-153.57286e-3,-4.67338e-3
-12.00000e-3,-155.98492e-3,-8.19096e-3
-11.95000e-3,-155.98492e-3,-12.21106e-3
-11.90000e-3,-155.68341e-3,-16.23116e-3
-11.85000e-3,-155.98492e-3,-12.21106e-3
-11.80000e-3,-155.68341e-3,-8.19096e-3
-11.75000e-3,-155.98492e-3,-12.21106e-3
-11.70000e-3,-155.68341e-3,-653.28e-6
-11.65000e-3,-155.98492e-3,-12.71358e-3
-11.60000e-3,-155.68341e-3,-8.19096e-3
-11.55000e-3,-153.57286e-3,-8.19096e-3
-11.50000e-3,-155.98492e-3,-16.23116e-3
-11.45000e-3,-158.09547e-3,-8.19096e-3
-11.40000e-3,-160.50753e-3,-16.23116e-3
-11.35000e-3,-153.57286e-3,-4.67338e-3
-11.30000e-3,-155.68341e-3,-8.69348e-3
-11.25000e-3,-151.16080e-3,-8.19096e-3
-11.20000e-3,-151.16080e-3,-8.19096e-3
-11.15000e-3,-153.27135e-3,-4.17086e-3
-11.10000e-3,-155.98492e-3,-8.19096e-3
-11.05000e-3,-158.39698e-3,-8.19096e-3
-11.00000e-3,-155.68341e-3,-16.23116e-3
-10.95000e-3,-155.98492e-3,-8.19096e-3
-10.90000e-3,-155.98492e-3,-8.19096e-3
-10.85000e-3,-151.16080e-3,-8.69348e-3
-10.80000e-3,-151.16080e-3,-16.23116e-3
-10.75000e-3,-153.27135e-3,-12.71358e-3
-10.70000e-3,-151.16080e-3,-8.19096e-3
-10.65000e-3,-158.09547e-3,-16.23116e-3
-10.60000e-3,-151.16080e-3,-8.19096e-3
-10.55000e-3,-151.16080e-3,-8.19096e-3
-10.50000e-3,-155.98492e-3,-16.23116e-3
-10.45000e-3,-155.98492e-3,-8.19096e-3
-10.40000e-3,-160.80904e-3,-8.19096e-3
-10.35000e-3,-153.27135e-3,-8.19096e-3
-10.30000e-3,-155.98492e-3,-8.19096e-3
-10.25000e-3,-155.98492e-3,-8.69348e-3
-10.20000e-3,-151.16080e-3,-8.19096e-3
-10.15000e-3,-155.98492e-3,-4.17086e-3
-10.10000e-3,-155.98492e-3,-8.19096e-3
-10.05000e-3,-155.98492e-3,-12.21106e-3
-10.00000e-3,-155.98492e-3,-8.19096e-3
-9.95000e-3,-153.57286e-3,-150.76e-6
-9.90000e-3,-151.16080e-3,-653.28e-6
-9.85000e-3,-155.98492e-3,-12.21106e-3
-9.80000e-3,-155.68341e-3,-653.28e-6
-9.75000e-3,-155.98492e-3,-8.19096e-3
-9.70000e-3,-155.98492e-3,-8.69348e-3
-9.65000e-3,-155.98492e-3,-8.19096e-3
-9.60000e-3,-155.98492e-3,-653.28e-6
-9.55000e-3,-158.39698e-3,-8.19096e-3
-9.50000e-3,-155.68341e-3,-8.19096e-3
-9.45000e-3,-153.27135e-3,-12.21106e-3
-9.40000e-3,-151.16080e-3,-8.19096e-3
-9.35000e-3,-155.98492e-3,-12.21106e-3
-9.30000e-3,-155.68341e-3,-8.19096e-3
-9.25000e-3,-155.98492e-3,-8.19096e-3
-9.20000e-3,-151.16080e-3,-653.28e-6
-9.15000e-3,-155.98492e-3,-4.67338e-3
-9.10000e-3,-155.98492e-3,-8.19096e-3
-9.05000e-3,-153.57286e-3,-8.19096e-3
-9.00000e-3,-155.98492e-3,-8.19096e-3
-8.95000e-3,-151.16080e-3,-8.19096e-3
-8.90000e-3,-155.98492e-3,-16.23116e-3
-8.85000e-3,-155.98492e-3,-12.21106e-3
-8.80000e-3,-155.98492e-3,-8.69348e-3
-8.75000e-3,-158.09547e-3,-8.19096e-3
-8.70000e-3,-155.98492e-3,-8.19096e-3
-8.65000e-3,-153.57286e-3,-8.19096e-3
-8.60000e-3,-151.16080e-3,-8.19096e-3
-8.55000e-3,-155.98492e-3,-12.21106e-3
-8.50000e-3,-155.98492e-3,-8.19096e-3
-8.45000e-3,-155.68341e-3,-4.17086e-3
-8.40000e-3,-155.98492e-3,-16.23116e-3
-8.35000e-3,-155.98492e-3,-12.21106e-3
-8.30000e-3,-155.68341e-3,-8.69348e-3
-8.25000e-3,-158.39698e-3,-12.21106e-3
-8.20000e-3,-155.98492e-3,-8.19096e-3
-8.15000e-3,-155.98492e-3,-4.67338e-3
-8.10000e-3,-155.98492e-3,-8.19096e-3
-8.05000e-3,-153.57286e-3,-4.17086e-3
-8.00000e-3,-155.98492e-3,-8.19096e-3
-7.95000e-3,-151.16080e-3,-4.17086e-3
-7.90000e-3,-155.98492e-3,-653.28e-6
-7.85000e-3,-153.27135e-3,-4.67338e-3
-7.80000e-3,-155.98492e-3,-8.19096e-3
-7.75000e-3,-155.68341e-3,-8.19096e-3
-7.70000e-3,-155.98492e-3,-8.19096e-3
-7.65000e-3,-153.57286e-3,-12.21106e-3
-7.60000e-3,-155.98492e-3,-16.23116e-3
-7.55000e-3,-151.16080e-3,-4.17086e-3
-7.50000e-3,-160.50753e-3,-8.69348e-3
-7.45000e-3,-153.57286e-3,-8.19096e-3
-7.40000e-3,-151.16080e-3,-8.19096e-3
-7.35000e-3,-151.16080e-3,-8.19096e-3
-7.30000e-3,-151.16080e-3,-653.28e-6
-7.25000e-3,-153.27135e-3,-8.19096e-3
-7.20000e-3,-155.68341e-3,-8.19096e-3
-7.15000e-3,-153.57286e-3,-16.23116e-3
-7.10000e-3,-151.16080e-3,-8.19096e-3
-7.05000e-3,-155.98492e-3,-4.17086e-3
-7.00000e-3,-155.68341e-3,-16.23116e-3
-6.95000e-3,-155.98492e-3,-12.71358e-3
-6.90000e-3,-155.68341e-3,-653.28e-6
-6.85000e-3,-151.16080e-3,-8.19096e-3
-6.80000e-3,-155.98492e-3,-8.19096e-3
-6.75000e-3,-153.27135e-3,-12.71358e-3
-6.70000e-3,-155.98492e-3,-8.19096e-3
-6.65000e-3,-153.27135e-3,-8.19096e-3
-6.60000e-3,-150.85929e-3,-8.19096e-3
-6.55000e-3,-153.27135e-3,-8.19096e-3
-6.50000e-3,-151.16080e-3,-8.19096e-3
-6.45000e-3,-151.16080e-3,-8.19096e-3
-6.40000e-3,-155.98492e-3,-16.23116e-3
-6.35000e-3,-158.39698e-3,-12.21106e-3
-6.30000e-3,-151.16080e-3,-16.23116e-3
-6.25000e-3,-155.98492e-3,-8.19096e-3
-6.20000e-3,-155.68341e-3,-8.19096e-3
-6.15000e-3,-158.09547e-3,-8.69348e-3
-6.10000e-3,-160.50753e-3,-8.19096e-3
-6.05000e-3,-155.98492e-3,-8.19096e-3
-6.00000e-3,-155.98492e-3,-8.69348e-3
-5.95000e-3,-153.57286e-3,-12.71358e-3
-5.90000e-3,-155.98492e-3,-8.19096e-3
-5.85000e-3,-153.57286e-3,-4.67338e-3
-5.80000e-3,-151.16080e-3,-8.19096e-3
-5.75000e-3,-153.57286e-3,-8.19096e-3
-5.70000e-3,-155.98492e-3,-16.23116e-3
-5.65000e-3,-153.27135e-3,-12.71358e-3
-5.60000e-3,-151.16080e-3,-8.19096e-3
-5.55000e-3,-155.98492e-3,-12.21106e-3
-5.50000e-3,-151.16080e-3,-8.69348e-3
-5.45000e-3,-158.39698e-3,-12.21106e-3
-5.40000e-3,-151.16080e-3,-653.28e-6
-5.35000e-3,-155.98492e-3,-8.19096e-3
-5.30000e-3,-155.98492e-3,-16.23116e-3
-5.25000e-3,-153.27135e-3,-8.19096e-3
-5.20000e-3,-151.16080e-3,-16.23116e-3
-5.15000e-3,-155.98492e-3,-12.21106e-3
-5.10000e-3,-151.16080e-3,-653.28e-6
-5.05000e-3,-158.09547e-3,-16.23116e-3
-5.00000e-3,-151.16080e-3,-8.19096e-3
-4.95000e-3,-155.98492e-3,-12.71358e-3
-4.90000e-3,-155.98492e-3,-653.28e-6
-4.85000e-3,-153.57286e-3,-4.67338e-3
-4.80000e-3,-155.98492e-3,-16.23116e-3
-4.75000e-3,-151.16080e-3,-8.19096e-3
-4.70000e-3,-155.98492e-3,-8.19096e-3
-4.65000e-3,-155.98492e-3,-8.19096e-3
-4.60000e-3,-155.98492e-3,-16.23116e-3
-4.55000e-3,-153.57286e-3,-8.19096e-3
-4.50000e-3,-155.68341e-3,-150.76e-6
-4.45000e-3,-153.27135e-3,-12.21106e-3
-4.40000e-3,-151.16080e-3,-16.23116e-3
-4.35000e-3,-155.98492e-3,-12.21106e-3
-4.30000e-3,-155.98492e-3,-8.19096e-3
-4.25000e-3,-151.16080e-3,-8.19096e-3
-4.20000e-3,-155.98492e-3,-8.19096e-3
-4.15000e-3,-153.57286e-3,-12.21106e-3
-4.10000e-3,-155.98492e-3,-8.19096e-3
-4.05000e-3,-151.16080e-3,-4.17086e-3
-4.00000e-3,-155.98492e-3,-8.19096e-3
-3.95000e-3,-153.27135e-3,-8.19096e-3
-3.90000e-3,-155.98492e-3,-8.19096e-3
-3.85000e-3,-153.57286e-3,-8.19096e-3
-3.80000e-3,-151.16080e-3,-8.19096e-3
-3.75000e-3,-153.57286e-3,-12.71358e-3
-3.70000e-3,-155.98492e-3,-16.23116e-3
-3.65000e-3,-155.98492e-3,-4.67338e-3
-3.60000e-3,-155.68341e-3,-8.19096e-3
-3.55000e-3,-160.80904e-3,-12.71358e-3
-3.50000e-3,-155.68341e-3,-8.19096e-3
-3.45000e-3,-155.98492e-3,-8.19096e-3
-3.40000e-3,-155.98492e-3,-8.19096e-3
-3.35000e-3,-153.27135e-3,-12.21106e-3
-3.30000e-3,-155.98492e-3,-8.19096e-3
-3.25000e-3,-153.57286e-3,-4.67338e-3
-3.20000e-3,-151.16080e-3,-16.23116e-3
-3.15000e-3,-153.27135e-3,-4.67338e-3
-3.10000e-3,-155.68341e-3,-8.19096e-3
-3.05000e-3,-155.68341e-3,-8.19096e-3
-3.00000e-3,-151.16080e-3,-8.19096e-3
-2.95000e-3,-153.57286e-3,-16.23116e-3
-2.90000e-3,-155.68341e-3,-8.19096e-3
-2.85000e-3,-153.27135e-3,-8.19096e-3
-2.80000e-3,-155.98492e-3,-16.23116e-3
-2.75000e-3,-153.27135e-3,-4.67338e-3
-2.70000e-3,-155.98492e-3,-8.19096e-3
-2.65000e-3,-153.27135e-3,-16.23116e-3
-2.60000e-3,-151.16080e-3,-8.19096e-3
-2.55000e-3,-155.98492e-3,-8.19096e-3
-2.50000e-3,-155.68341e-3,-8.19096e-3
-2.45000e-3,-151.16080e-3,-8.19096e-3
-2.40000e-3,-155.98492e-3,-8.69348e-3
-2.35000e-3,-158.39698e-3,-8.19096e-3
-2.30000e-3,-160.80904e-3,-8.19096e-3
-2.25000e-3,-153.27135e-3,-4.17086e-3
-2.20000e-3,-155.98492e-3,-653.28e-6
-2.15000e-3,-155.98492e-3,-8.19096e-3
-2.10000e-3,-160.50753e-3,-8.19096e-3
-2.05000e-3,-153.27135e-3,-8.19096e-3
-2.00000e-3,-155.98492e-3,-8.19096e-3
-1.95000e-3,-155.98492e-3,-12.21106e-3
-1.90000e-3,-151.16080e-3,-8.69348e-3
-1.85000e-3,-153.57286e-3,-8.19096e-3
-1.80000e-3,-160.50753e-3,-8.19096e-3
-1.75000e-3,-158.39698e-3,-12.71358e-3
-1.70000e-3,-151.16080e-3,-8.19096e-3
-1.65000e-3,-151.16080e-3,-12.71358e-3
-1.60000e-3,-155.98492e-3,-8.19096e-3
-1.55000e-3,-155.68341e-3,-8.19096e-3
-1.50000e-3,-151.16080e-3,-16.23116e-3
-1.45000e-3,-151.16080e-3,-8.19096e-3
-1.40000e-3,-151.16080e-3,-16.23116e-3
-1.35000e-3,-151.16080e-3,-12.21106e-3
-1.30000e-3,-155.98492e-3,-8.69348e-3
-1.25000e-3,-155.98492e-3,-4.17086e-3
-1.20000e-3,-151.16080e-3,-8.19096e-3
-1.15000e-3,-158.09547e-3,-8.19096e-3
-1.10000e-3,-151.16080e-3,-8.19096e-3
-1.05000e-3,-153.57286e-3,-12.21106e-3
-1.00000e-3,-155.68341e-3,-8.69348e-3
-950.00e-6,-155.98492e-3,-16.23116e-3
-900.00e-6,-155.98492e-3,-653.28e-6
-850.00e-6,-155.98492e-3,-4.67338e-3
-800.00e-6,-151.16080e-3,-8.19096e-3
-750.00e-6,-153.27135e-3,-8.19096e-3
-700.00e-6,-155.68341e-3,-8.19096e-3
-650.00e-6,-153.27135e-3,-16.23116e-3
-600.00e-6,-151.16080e-3,-8.19096e-3
-550.00e-6,-151.16080e-3,-8.19096e-3
-500.00e-6,-151.16080e-3,-8.19096e-3
-450.00e-6,-158.39698e-3,-8.19096e-3
-400.00e-6,-151.16080e-3,-8.19096e-3
-350.00e-6,-153.57286e-3,-12.71358e-3
-300.00e-6,-146.33667e-3,-653.28e-6
-250.00e-6,-153.27135e-3,-8.19096e-3
-200.00e-6,-151.16080e-3,-8.19096e-3
-150.00e-6,-153.27135e-3,-16.23116e-3
-100.00e-6,-146.33667e-3,-16.23116e-3
-50.00e-6,-148.44723e-3,-16.23116e-3
+0.0,+138.58795e-3,+144.57285e-3
+50.00e-6,+143.11056e-3,-366.48242e-3
+100.00e-6,+147.93468e-3,-401.65830e-3
+150.00e-6,+147.93468e-3,-413.71860e-3
+200.00e-6,+143.11056e-3,-402.16081e-3
+250.00e-6,+145.52262e-3,-378.04021e-3
+300.00e-6,+143.11056e-3,-353.91960e-3
+350.00e-6,+145.52262e-3,-285.57790e-3
+400.00e-6,+147.93468e-3,-209.19599e-3
+450.00e-6,+147.93468e-3,-136.83418e-3
+500.00e-6,+143.41207e-3,-56.43217e-3
+550.00e-6,+145.52262e-3,+3.36683e-3
+600.00e-6,+147.93468e-3,+104.37185e-3
+650.00e-6,+143.11056e-3,+180.75376e-3
+700.00e-6,+147.93468e-3,+241.05527e-3
+750.00e-6,+147.93468e-3,+289.29647e-3
+800.00e-6,+143.41207e-3,+321.45727e-3
+850.00e-6,+143.11056e-3,+337.53768e-3
+900.00e-6,+147.93468e-3,+337.53768e-3
+950.00e-6,+147.93468e-3,+313.41707e-3
+1.00000e-3,+143.11056e-3,+273.21607e-3
+1.05000e-3,+145.82413e-3,+241.05527e-3
+1.10000e-3,+147.93468e-3,+184.77386e-3
+1.15000e-3,+145.82413e-3,+112.41205e-3
+1.20000e-3,+143.11056e-3,+40.05024e-3
+1.25000e-3,+145.82413e-3,-32.31157e-3
+1.30000e-3,+143.11056e-3,-96.63317e-3
+1.35000e-3,+143.11056e-3,-157.43719e-3
+1.40000e-3,+147.93468e-3,-217.73870e-3
+1.45000e-3,+145.82413e-3,-261.95980e-3
+1.50000e-3,+143.41207e-3,-282.06031e-3
+1.55000e-3,+145.82413e-3,-305.67840e-3
+1.60000e-3,+143.11056e-3,-313.71860e-3
+1.65000e-3,+141.00001e-3,-297.63820e-3
+1.70000e-3,+147.93468e-3,-265.47739e-3
+1.75000e-3,+143.11056e-3,-229.29649e-3
+1.80000e-3,+143.11056e-3,-177.03518e-3
+1.85000e-3,+145.52262e-3,-120.75378e-3
+1.90000e-3,+143.41207e-3,-64.47237e-3
+1.95000e-3,+143.11056e-3,-150.76e-6
+2.00000e-3,+147.93468e-3,+56.13064e-3
+2.05000e-3,+145.52262e-3,+116.43215e-3
+2.10000e-3,+147.93468e-3,+168.69346e-3
+2.15000e-3,+145.52262e-3,+204.87436e-3
+2.20000e-3,+143.11056e-3,+224.97486e-3
+2.25000e-3,+145.82413e-3,+244.57285e-3
+2.30000e-3,+143.41207e-3,+248.59295e-3
+2.35000e-3,+143.11056e-3,+241.05527e-3
+2.40000e-3,+147.93468e-3,+216.93466e-3
+2.45000e-3,+143.11056e-3,+188.29145e-3
+2.50000e-3,+143.11056e-3,+136.53265e-3
+2.55000e-3,+145.82413e-3,+96.33165e-3
+2.60000e-3,+143.11056e-3,+63.66833e-3
+2.65000e-3,+147.93468e-3,-12.21106e-3
+2.70000e-3,+138.28644e-3,-48.39197e-3
+2.75000e-3,+145.52262e-3,-113.21609e-3
+2.80000e-3,+143.41207e-3,-145.37689e-3
+2.85000e-3,+143.11056e-3,-185.07538e-3
+2.90000e-3,+143.11056e-3,-217.73870e-3
+2.95000e-3,+143.11056e-3,-229.79900e-3
+3.00000e-3,+143.41207e-3,-233.31659e-3
+3.05000e-3,+145.82413e-3,-229.79900e-3
+3.10000e-3,+143.11056e-3,-209.19599e-3
+3.15000e-3,+145.82413e-3,-177.03518e-3
+3.20000e-3,+143.41207e-3,-144.87438e-3
+3.25000e-3,+143.11056e-3,-104.67337e-3
+3.30000e-3,+143.11056e-3,-64.47237e-3
+3.35000e-3,+145.52262e-3,-16.23116e-3
+3.40000e-3,+143.11056e-3,+23.96984e-3
+3.45000e-3,+143.41207e-3,+76.23115e-3
+3.50000e-3,+143.41207e-3,+112.41205e-3
+3.55000e-3,+147.93468e-3,+140.05024e-3
+3.60000e-3,+147.93468e-3,+168.69346e-3
+3.65000e-3,+145.52262e-3,+184.77386e-3
+3.70000e-3,+143.11056e-3,+184.77386e-3
+3.75000e-3,+143.11056e-3,+176.73366e-3
+3.80000e-3,+138.58795e-3,+168.19094e-3
+3.85000e-3,+140.69850e-3,+140.05024e-3
+3.90000e-3,+143.11056e-3,+112.41205e-3
+3.95000e-3,+143.11056e-3,+80.25125e-3
+4.00000e-3,+143.11056e-3,+55.62813e-3
+4.05000e-3,+143.11056e-3,+3.36683e-3
+4.10000e-3,+143.41207e-3,-40.35177e-3
+4.15000e-3,+145.52262e-3,-48.89448e-3
+4.20000e-3,+143.41207e-3,-105.17589e-3
+4.25000e-3,+143.41207e-3,-136.83418e-3
+4.30000e-3,+147.93468e-3,-153.41709e-3
+4.35000e-3,+143.11056e-3,-168.99498e-3
+4.40000e-3,+143.11056e-3,-177.03518e-3
+4.45000e-3,+147.93468e-3,-177.03518e-3
+4.50000e-3,+143.41207e-3,-160.95478e-3
+4.55000e-3,+143.41207e-3,-152.91458e-3
+4.60000e-3,+147.93468e-3,-128.79398e-3
+4.65000e-3,+148.23619e-3,-85.07538e-3
+4.70000e-3,+143.11056e-3,-64.47237e-3
+4.75000e-3,+145.52262e-3,-28.79398e-3
+4.80000e-3,+143.11056e-3,+7.88944e-3
+4.85000e-3,+147.93468e-3,+36.03014e-3
+4.90000e-3,+147.93468e-3,+72.21105e-3
+4.95000e-3,+145.52262e-3,+96.33165e-3
+5.00000e-3,+143.41207e-3,+120.45225e-3
+5.05000e-3,+140.69850e-3,+132.51255e-3
+5.10000e-3,+143.11056e-3,+136.53265e-3
+5.15000e-3,+147.93468e-3,+140.55275e-3
+5.20000e-3,+147.93468e-3,+120.45225e-3
+5.25000e-3,+145.52262e-3,+108.39195e-3
+5.30000e-3,+147.93468e-3,+88.29145e-3
+5.35000e-3,+143.11056e-3,+64.17084e-3
+5.40000e-3,+147.93468e-3,+48.09044e-3
+5.45000e-3,+145.82413e-3,+11.90954e-3
+5.50000e-3,+143.11056e-3,-24.27137e-3
+5.55000e-3,+143.11056e-3,-48.39197e-3
+5.60000e-3,+147.93468e-3,-73.01508e-3
+5.65000e-3,+143.11056e-3,-96.63317e-3
+5.70000e-3,+143.11056e-3,-113.21609e-3
+5.75000e-3,+145.52262e-3,-128.79398e-3
+5.80000e-3,+147.93468e-3,-129.29649e-3
+5.85000e-3,+141.00001e-3,-141.35679e-3
+5.90000e-3,+143.11056e-3,-128.79398e-3
+5.95000e-3,+143.11056e-3,-125.27639e-3
+6.00000e-3,+147.93468e-3,-104.67337e-3
+6.05000e-3,+145.82413e-3,-84.57287e-3
+6.10000e-3,+147.93468e-3,-56.43217e-3
+6.15000e-3,+143.11056e-3,-28.79398e-3
+6.20000e-3,+143.41207e-3,-150.76e-6
+6.25000e-3,+147.93468e-3,+23.96984e-3
+6.30000e-3,+143.11056e-3,+48.09044e-3
+6.35000e-3,+143.11056e-3,+68.19095e-3
+6.40000e-3,+143.41207e-3,+80.25125e-3
+6.45000e-3,+145.52262e-3,+96.33165e-3
+6.50000e-3,+147.93468e-3,+104.37185e-3
+6.55000e-3,+145.82413e-3,+104.37185e-3
+6.60000e-3,+143.11056e-3,+103.86934e-3
+6.65000e-3,+143.11056e-3,+88.29145e-3
+6.70000e-3,+143.11056e-3,+72.21105e-3
+6.75000e-3,+145.82413e-3,+60.15074e-3
+6.80000e-3,+147.93468e-3,+32.01004e-3
+6.85000e-3,+143.11056e-3,+11.90954e-3
+6.90000e-3,+143.41207e-3,-8.69348e-3
+6.95000e-3,+143.11056e-3,-28.79398e-3
+7.00000e-3,+143.41207e-3,-48.39197e-3
+7.05000e-3,+145.52262e-3,-68.49247e-3
+7.10000e-3,+147.93468e-3,-88.59297e-3
+7.15000e-3,+143.11056e-3,-96.63317e-3
+7.20000e-3,+147.93468e-3,-112.71358e-3
+7.25000e-3,+143.11056e-3,-104.67337e-3
+7.30000e-3,+143.11056e-3,-97.13569e-3
+7.35000e-3,+147.93468e-3,-104.67337e-3
+7.40000e-3,+143.11056e-3,-96.63317e-3
+7.45000e-3,+147.93468e-3,-68.99498e-3
+7.50000e-3,+147.93468e-3,-64.47237e-3
+7.55000e-3,+143.11056e-3,-32.31157e-3
+7.60000e-3,+138.58795e-3,-8.19096e-3
+7.65000e-3,+147.93468e-3,+7.88944e-3
+7.70000e-3,+143.41207e-3,+32.01004e-3
+7.75000e-3,+143.11056e-3,+40.05024e-3
+7.80000e-3,+143.41207e-3,+56.13064e-3
+7.85000e-3,+145.52262e-3,+72.21105e-3
+7.90000e-3,+143.41207e-3,+79.74873e-3
+7.95000e-3,+143.11056e-3,+80.25125e-3
+8.00000e-3,+147.93468e-3,+79.74873e-3
+8.05000e-3,+147.93468e-3,+72.21105e-3
+8.10000e-3,+143.11056e-3,+48.09044e-3
+8.15000e-3,+145.52262e-3,+56.13064e-3
+8.20000e-3,+147.93468e-3,+32.01004e-3
+8.25000e-3,+145.82413e-3,+15.92964e-3
+8.30000e-3,+147.93468e-3,-653.28e-6
+8.35000e-3,+145.82413e-3,-16.23116e-3
+8.40000e-3,+143.11056e-3,-32.81408e-3
+8.45000e-3,+147.93468e-3,-48.39197e-3
+8.50000e-3,+147.93468e-3,-48.89448e-3
+8.55000e-3,+145.52262e-3,-77.03518e-3
+8.60000e-3,+147.93468e-3,-81.05528e-3
+8.65000e-3,+147.93468e-3,-84.57287e-3
+8.70000e-3,+143.41207e-3,-88.59297e-3
+8.75000e-3,+145.82413e-3,-80.55277e-3
+8.80000e-3,+143.11056e-3,-72.51257e-3
+8.85000e-3,+143.11056e-3,-56.93468e-3
+8.90000e-3,+147.93468e-3,-56.43217e-3
+8.95000e-3,+145.82413e-3,-28.29147e-3
+9.00000e-3,+147.93468e-3,-16.23116e-3
+9.05000e-3,+145.82413e-3,-4.17086e-3
+9.10000e-3,+143.41207e-3,+15.42713e-3
+9.15000e-3,+145.82413e-3,+32.01004e-3
+9.20000e-3,+143.41207e-3,+39.54773e-3
+9.25000e-3,+145.82413e-3,+48.09044e-3
+9.30000e-3,+147.93468e-3,+56.13064e-3
+9.35000e-3,+143.11056e-3,+56.13064e-3
+9.40000e-3,+147.93468e-3,+56.13064e-3
+9.45000e-3,+145.82413e-3,+56.13064e-3
+9.50000e-3,+143.11056e-3,+48.09044e-3
+9.55000e-3,+145.82413e-3,+43.56783e-3
+9.60000e-3,+147.93468e-3,+31.50753e-3
+9.65000e-3,+140.69850e-3,+15.92964e-3
+9.70000e-3,+147.93468e-3,-150.76e-6
+9.75000e-3,+143.11056e-3,-16.23116e-3
+9.80000e-3,+143.11056e-3,-32.31157e-3
+9.85000e-3,+145.52262e-3,-32.31157e-3
+9.90000e-3,+143.11056e-3,-48.39197e-3
+9.95000e-3,+147.93468e-3,-48.39197e-3
+10.00000e-3,+143.11056e-3,-64.47237e-3
+10.05000e-3,+143.11056e-3,-64.47237e-3
+10.10000e-3,+143.11056e-3,-64.47237e-3
+10.15000e-3,+145.52262e-3,-68.99498e-3
+10.20000e-3,+143.11056e-3,-56.93468e-3
+10.25000e-3,+145.52262e-3,-64.47237e-3
+10.30000e-3,+143.11056e-3,-48.39197e-3
+10.35000e-3,+143.11056e-3,-32.31157e-3
+10.40000e-3,+143.11056e-3,-16.23116e-3
+10.45000e-3,+143.11056e-3,-8.19096e-3
+10.50000e-3,+147.93468e-3,+15.42713e-3
+10.55000e-3,+147.93468e-3,+19.94974e-3
+10.60000e-3,+143.11056e-3,+23.96984e-3
+10.65000e-3,+143.11056e-3,+27.48743e-3
+10.70000e-3,+143.41207e-3,+47.58793e-3
+10.75000e-3,+145.52262e-3,+40.05024e-3
+10.80000e-3,+143.41207e-3,+40.05024e-3
+10.85000e-3,+145.82413e-3,+43.56783e-3
+10.90000e-3,+147.93468e-3,+40.05024e-3
+10.95000e-3,+141.00001e-3,+23.96984e-3
+11.00000e-3,+147.93468e-3,+23.46733e-3
+11.05000e-3,+140.69850e-3,+11.40703e-3
+11.10000e-3,+143.11056e-3,-150.76e-6
+11.15000e-3,+147.93468e-3,-8.19096e-3
+11.20000e-3,+147.93468e-3,-16.23116e-3
+11.25000e-3,+143.41207e-3,-28.79398e-3
+11.30000e-3,+147.93468e-3,-40.35177e-3
+11.35000e-3,+138.28644e-3,-44.87438e-3
+11.40000e-3,+143.11056e-3,-48.39197e-3
+11.45000e-3,+143.11056e-3,-56.43217e-3
+11.50000e-3,+147.93468e-3,-48.89448e-3
+11.55000e-3,+145.52262e-3,-56.93468e-3
+11.60000e-3,+147.93468e-3,-48.89448e-3
+11.65000e-3,+143.11056e-3,-44.87438e-3
+11.70000e-3,+147.93468e-3,-32.81408e-3
+11.75000e-3,+145.52262e-3,-24.27137e-3
+11.80000e-3,+138.58795e-3,-24.27137e-3
+11.85000e-3,+145.82413e-3,-8.69348e-3
+11.90000e-3,+143.11056e-3,-8.19096e-3
+11.95000e-3,+145.82413e-3,+3.86934e-3
+12.00000e-3,+147.93468e-3,+15.92964e-3
+12.05000e-3,+145.52262e-3,+23.96984e-3
+12.10000e-3,+143.41207e-3,+32.01004e-3
+12.15000e-3,+147.93468e-3,+23.96984e-3
+12.20000e-3,+147.93468e-3,+31.50753e-3
+12.25000e-3,+143.11056e-3,+23.96984e-3
+12.30000e-3,+143.11056e-3,+23.96984e-3
+12.35000e-3,+147.93468e-3,+19.94974e-3
+12.40000e-3,+143.41207e-3,+15.92964e-3
+12.45000e-3,+145.82413e-3,+11.40703e-3
+12.50000e-3,+143.41207e-3,-150.76e-6
+12.55000e-3,+147.93468e-3,-4.17086e-3
+12.60000e-3,+143.11056e-3,-16.23116e-3
+12.65000e-3,+143.11056e-3,-20.75378e-3
+12.70000e-3,+143.11056e-3,-24.27137e-3
+12.75000e-3,+143.11056e-3,-32.81408e-3
+12.80000e-3,+143.11056e-3,-40.85428e-3
+12.85000e-3,+140.69850e-3,-40.35177e-3
+12.90000e-3,+138.58795e-3,-48.39197e-3
+12.95000e-3,+143.11056e-3,-44.87438e-3
+13.00000e-3,+143.11056e-3,-40.35177e-3
+13.05000e-3,+147.93468e-3,-36.33167e-3
+13.10000e-3,+143.11056e-3,-32.31157e-3
+13.15000e-3,+143.11056e-3,-24.27137e-3
+13.20000e-3,+143.41207e-3,-16.73368e-3
+13.25000e-3,+145.82413e-3,-4.67338e-3
+13.30000e-3,+143.11056e-3,-8.19096e-3
+13.35000e-3,+143.11056e-3,+7.88944e-3
+13.40000e-3,+147.93468e-3,+7.88944e-3
+13.45000e-3,+138.28644e-3,+7.88944e-3
+13.50000e-3,+147.93468e-3,+15.92964e-3
+13.55000e-3,+141.00001e-3,+15.92964e-3
+13.60000e-3,+143.11056e-3,+23.96984e-3
+13.65000e-3,+143.11056e-3,+19.94974e-3
+13.70000e-3,+143.11056e-3,+15.92964e-3
+13.75000e-3,+150.34674e-3,+11.90954e-3
+13.80000e-3,+147.93468e-3,-150.76e-6
+13.85000e-3,+147.93468e-3,+7.88944e-3
+13.90000e-3,+143.11056e-3,-150.76e-6
+13.95000e-3,+143.11056e-3,-8.19096e-3
+14.00000e-3,+143.11056e-3,-8.69348e-3
+14.05000e-3,+143.11056e-3,-24.27137e-3
+14.10000e-3,+143.11056e-3,-24.27137e-3
+14.15000e-3,+140.69850e-3,-28.79398e-3
+14.20000e-3,+143.41207e-3,-32.31157e-3
+14.25000e-3,+145.82413e-3,-28.79398e-3
+14.30000e-3,+143.11056e-3,-40.35177e-3
+14.35000e-3,+143.11056e-3,-36.83418e-3
+14.40000e-3,+147.93468e-3,-32.31157e-3
+14.45000e-3,+143.11056e-3,-28.79398e-3
+14.50000e-3,+138.58795e-3,-24.77388e-3
+14.55000e-3,+145.52262e-3,-20.25126e-3
+14.60000e-3,+143.11056e-3,-16.23116e-3
+14.65000e-3,+143.11056e-3,-12.71358e-3
+14.70000e-3,+147.93468e-3,-8.19096e-3
+14.75000e-3,+145.82413e-3,-4.67338e-3
+14.80000e-3,+143.11056e-3,-150.76e-6
+14.85000e-3,+143.11056e-3,-150.76e-6
+14.90000e-3,+138.58795e-3,+15.42713e-3
+14.95000e-3,+145.52262e-3,+7.38693e-3
+15.00000e-3,+138.58795e-3,+7.88944e-3
+15.05000e-3,+147.93468e-3,+15.92964e-3
+15.10000e-3,+143.11056e-3,+15.92964e-3
+15.15000e-3,+140.69850e-3,+15.92964e-3
+15.20000e-3,+143.11056e-3,-653.28e-6
+15.25000e-3,+143.11056e-3,+3.36683e-3
+15.30000e-3,+143.11056e-3,-150.76e-6
+15.35000e-3,+145.82413e-3,-8.19096e-3
+15.40000e-3,+143.41207e-3,-8.69348e-3
+15.45000e-3,+145.52262e-3,-12.21106e-3
+15.50000e-3,+143.11056e-3,-16.23116e-3
+15.55000e-3,+145.82413e-3,-16.23116e-3
+15.60000e-3,+143.41207e-3,-24.27137e-3
+15.65000e-3,+145.82413e-3,-24.27137e-3
+15.70000e-3,+147.93468e-3,-32.31157e-3
+15.75000e-3,+143.11056e-3,-24.27137e-3
+15.80000e-3,+143.11056e-3,-24.27137e-3
+15.85000e-3,+147.93468e-3,-20.25126e-3
+15.90000e-3,+147.93468e-3,-16.23116e-3
+15.95000e-3,+143.11056e-3,-16.23116e-3
+16.00000e-3,+143.11056e-3,-16.23116e-3
+16.05000e-3,+147.93468e-3,-16.23116e-3
+16.10000e-3,+143.41207e-3,-16.23116e-3
+16.15000e-3,+145.82413e-3,-150.76e-6
+16.20000e-3,+143.41207e-3,-150.76e-6
+16.25000e-3,+141.00001e-3,+3.86934e-3
+16.30000e-3,+143.41207e-3,+7.88944e-3
+16.35000e-3,+140.69850e-3,+3.86934e-3
+16.40000e-3,+143.11056e-3,-150.76e-6
+16.45000e-3,+143.11056e-3,+7.88944e-3
+16.50000e-3,+143.41207e-3,+7.88944e-3
+16.55000e-3,+145.52262e-3,+3.86934e-3
+16.60000e-3,+143.11056e-3,-150.76e-6
+16.65000e-3,+145.82413e-3,-4.67338e-3
+16.70000e-3,+143.41207e-3,-8.19096e-3
+16.75000e-3,+143.11056e-3,-12.21106e-3
+16.80000e-3,+143.11056e-3,-8.19096e-3
+16.85000e-3,+138.28644e-3,-4.17086e-3
+16.90000e-3,+147.93468e-3,-16.73368e-3
+16.95000e-3,+147.93468e-3,-16.23116e-3
+17.00000e-3,+143.11056e-3,-16.73368e-3
+17.05000e-3,+145.52262e-3,-20.75378e-3
+17.10000e-3,+147.93468e-3,-24.27137e-3
+17.15000e-3,+145.82413e-3,-20.75378e-3
+17.20000e-3,+147.93468e-3,-16.73368e-3
+17.25000e-3,+143.11056e-3,-20.75378e-3
+17.30000e-3,+147.93468e-3,-16.23116e-3
+17.35000e-3,+145.82413e-3,-20.25126e-3
+17.40000e-3,+143.11056e-3,-16.23116e-3
+17.45000e-3,+145.52262e-3,-8.19096e-3
+17.50000e-3,+143.11056e-3,-8.19096e-3
+17.55000e-3,+143.11056e-3,-4.67338e-3
+17.60000e-3,+143.11056e-3,-8.19096e-3
+17.65000e-3,+147.93468e-3,-150.76e-6
+17.70000e-3,+143.11056e-3,-150.76e-6
+17.75000e-3,+145.52262e-3,-4.17086e-3
+17.80000e-3,+143.41207e-3,-150.76e-6
+17.85000e-3,+145.52262e-3,-150.76e-6
+17.90000e-3,+143.11056e-3,-150.76e-6
+17.95000e-3,+147.93468e-3,-150.76e-6
+18.00000e-3,+147.93468e-3,-653.28e-6
+18.05000e-3,+147.93468e-3,+3.86934e-3
+18.10000e-3,+147.93468e-3,-8.19096e-3
+18.15000e-3,+138.28644e-3,-4.17086e-3
+18.20000e-3,+147.93468e-3,-653.28e-6
+18.25000e-3,+143.11056e-3,-4.67338e-3
+18.30000e-3,+143.11056e-3,-16.23116e-3
+18.35000e-3,+141.00001e-3,-8.19096e-3
+18.40000e-3,+147.93468e-3,-16.23116e-3
+18.45000e-3,+145.52262e-3,-16.23116e-3
+18.50000e-3,+143.11056e-3,-16.73368e-3
+18.55000e-3,+145.52262e-3,-16.23116e-3
+18.60000e-3,+143.11056e-3,-24.27137e-3
+18.65000e-3,+145.52262e-3,-16.23116e-3
+18.70000e-3,+143.41207e-3,-8.69348e-3
+18.75000e-3,+145.82413e-3,-16.23116e-3
+18.80000e-3,+147.93468e-3,-8.69348e-3
+18.85000e-3,+141.00001e-3,-12.71358e-3
+18.90000e-3,+143.11056e-3,-8.19096e-3
+18.95000e-3,+145.82413e-3,-8.19096e-3
+19.00000e-3,+138.58795e-3,-8.19096e-3
+19.05000e-3,+145.52262e-3,-4.67338e-3
+19.10000e-3,+143.41207e-3,-150.76e-6
+19.15000e-3,+143.11056e-3,-653.28e-6
+19.20000e-3,+143.41207e-3,+7.38693e-3
+19.25000e-3,+140.69850e-3,-150.76e-6
+19.30000e-3,+143.41207e-3,-150.76e-6
+19.35000e-3,+143.11056e-3,-150.76e-6
+19.40000e-3,+143.41207e-3,-653.28e-6
+19.45000e-3,+145.82413e-3,-150.76e-6
+19.50000e-3,+143.11056e-3,-653.28e-6
+19.55000e-3,+143.11056e-3,-4.67338e-3
+19.60000e-3,+143.11056e-3,-8.19096e-3
+19.65000e-3,+147.93468e-3,-4.67338e-3
+19.70000e-3,+147.93468e-3,-16.23116e-3
+19.75000e-3,+145.52262e-3,-8.19096e-3
+19.80000e-3,+147.93468e-3,-16.23116e-3
+19.85000e-3,+141.00001e-3,-16.23116e-3
+19.90000e-3,+143.11056e-3,-16.23116e-3
+19.95000e-3,+143.11056e-3,-12.21106e-3
+20.00000e-3,+143.11056e-3,-16.23116e-3
+20.05000e-3,+143.11056e-3,-12.71358e-3
+20.10000e-3,+143.41207e-3,-8.69348e-3
+20.15000e-3,+147.93468e-3,-12.71358e-3
+20.20000e-3,+143.11056e-3,-8.19096e-3
+20.25000e-3,+145.82413e-3,-16.73368e-3
+20.30000e-3,+143.41207e-3,-8.19096e-3
+20.35000e-3,+147.93468e-3,-16.23116e-3
+20.40000e-3,+147.93468e-3,-8.19096e-3
+20.45000e-3,+147.93468e-3,-4.67338e-3
+20.50000e-3,+147.93468e-3,-8.19096e-3
+20.55000e-3,+145.82413e-3,-150.76e-6
+20.60000e-3,+147.93468e-3,-653.28e-6
+20.65000e-3,+143.11056e-3,-8.19096e-3
+20.70000e-3,+147.93468e-3,-8.19096e-3
+20.75000e-3,+143.11056e-3,-4.17086e-3
+20.80000e-3,+143.11056e-3,-150.76e-6
+20.85000e-3,+145.82413e-3,-4.67338e-3
+20.90000e-3,+147.93468e-3,-150.76e-6
+20.95000e-3,+147.93468e-3,-8.19096e-3
+21.00000e-3,+143.11056e-3,-653.28e-6
+21.05000e-3,+141.00001e-3,-12.71358e-3
+21.10000e-3,+147.93468e-3,-16.23116e-3
+21.15000e-3,+147.93468e-3,-8.19096e-3
+21.20000e-3,+147.93468e-3,-16.23116e-3
+21.25000e-3,+140.69850e-3,-8.19096e-3
+21.30000e-3,+143.11056e-3,-16.23116e-3
+21.35000e-3,+143.11056e-3,-16.23116e-3
+21.40000e-3,+143.11056e-3,-8.69348e-3
+21.45000e-3,+145.52262e-3,-8.19096e-3
+21.50000e-3,+147.93468e-3,-16.23116e-3
+21.55000e-3,+145.82413e-3,-12.21106e-3
+21.60000e-3,+143.11056e-3,-8.69348e-3
+21.65000e-3,+147.93468e-3,-12.71358e-3
+21.70000e-3,+143.41207e-3,-8.19096e-3
+21.75000e-3,+145.52262e-3,-12.71358e-3
+21.80000e-3,+147.93468e-3,-150.76e-6
+21.85000e-3,+147.93468e-3,-4.67338e-3
+21.90000e-3,+143.41207e-3,-150.76e-6
+21.95000e-3,+143.11056e-3,-150.76e-6
+22.00000e-3,+143.11056e-3,-8.19096e-3
+22.05000e-3,+145.82413e-3,+3.36683e-3
+22.10000e-3,+147.93468e-3,-8.19096e-3
+22.15000e-3,+141.00001e-3,-8.19096e-3
+22.20000e-3,+143.11056e-3,-150.76e-6
+22.25000e-3,+140.69850e-3,-4.67338e-3
+22.30000e-3,+138.58795e-3,-653.28e-6
+22.35000e-3,+145.52262e-3,-12.21106e-3
+22.40000e-3,+138.58795e-3,-8.69348e-3
+22.45000e-3,+143.11056e-3,-12.71358e-3
+22.50000e-3,+143.41207e-3,-8.19096e-3
+22.55000e-3,+145.52262e-3,-4.17086e-3
+22.60000e-3,+143.11056e-3,-16.23116e-3
+22.65000e-3,+143.11056e-3,-12.21106e-3
+22.70000e-3,+138.58795e-3,-16.23116e-3
+22.75000e-3,+143.11056e-3,-12.21106e-3
+22.80000e-3,+147.93468e-3,-8.19096e-3
+22.85000e-3,+145.52262e-3,-12.71358e-3
+22.90000e-3,+147.93468e-3,-16.23116e-3
+22.95000e-3,+145.82413e-3,-8.19096e-3
+23.00000e-3,+143.11056e-3,-8.69348e-3
+23.05000e-3,+143.11056e-3,-12.71358e-3
+23.10000e-3,+147.93468e-3,-16.23116e-3
+23.15000e-3,+147.93468e-3,-12.21106e-3
+23.20000e-3,+143.11056e-3,-16.23116e-3
+23.25000e-3,+145.82413e-3,-4.17086e-3
+23.30000e-3,+138.58795e-3,-8.19096e-3
+23.35000e-3,+145.52262e-3,-4.17086e-3
+23.40000e-3,+143.41207e-3,-8.19096e-3
+23.45000e-3,+143.11056e-3,-4.67338e-3
+23.50000e-3,+147.93468e-3,-8.19096e-3
+23.55000e-3,+147.93468e-3,-4.67338e-3
+23.60000e-3,+147.93468e-3,-8.19096e-3
+23.65000e-3,+148.23619e-3,-8.19096e-3
+23.70000e-3,+147.93468e-3,-150.76e-6
+23.75000e-3,+145.52262e-3,-8.19096e-3
+23.80000e-3,+147.93468e-3,-8.19096e-3
+23.85000e-3,+143.11056e-3,-4.67338e-3
+23.90000e-3,+147.93468e-3,-653.28e-6
+23.95000e-3,+143.11056e-3,-12.21106e-3
+24.00000e-3,+143.11056e-3,-8.19096e-3
+24.05000e-3,+143.11056e-3,-16.23116e-3
+24.10000e-3,+138.58795e-3,-8.19096e-3
+24.15000e-3,+143.11056e-3,-4.67338e-3
+24.20000e-3,+147.93468e-3,-8.19096e-3
+24.25000e-3,+143.11056e-3,-12.71358e-3
+24.30000e-3,+147.93468e-3,-16.23116e-3
+24.35000e-3,+145.52262e-3,-8.19096e-3
+24.40000e-3,+143.11056e-3,-16.23116e-3
+24.45000e-3,+140.69850e-3,-12.71358e-3
+24.50000e-3,+143.11056e-3,-8.69348e-3
+24.55000e-3,+150.34674e-3,-8.19096e-3
+24.60000e-3,+147.93468e-3,-8.19096e-3
+24.65000e-3,+143.11056e-3,-12.21106e-3
+24.70000e-3,+143.41207e-3,-8.19096e-3
+24.75000e-3,+143.11056e-3,-12.71358e-3
+24.80000e-3,+143.11056e-3,-150.76e-6
+24.85000e-3,+145.82413e-3,-4.17086e-3
+24.90000e-3,+143.11056e-3,-8.19096e-3
+24.95000e-3,+145.82413e-3,-8.19096e-3
+25.00000e-3,+147.93468e-3,-653.28e-6
+25.05000e-3,+145.82413e-3,-4.17086e-3
+25.10000e-3,+147.93468e-3,-16.23116e-3
+25.15000e-3,+143.11056e-3,-8.19096e-3
+25.20000e-3,+147.93468e-3,-8.19096e-3
+25.25000e-3,+145.52262e-3,-4.67338e-3
+25.30000e-3,+143.11056e-3,-653.28e-6
+25.35000e-3,+147.93468e-3,-12.71358e-3
+25.40000e-3,+143.11056e-3,-8.19096e-3
+25.45000e-3,+143.11056e-3,-12.71358e-3
+25.50000e-3,+143.41207e-3,-8.69348e-3
+25.55000e-3,+143.41207e-3,-8.19096e-3
+25.60000e-3,+152.75880e-3,-8.19096e-3
+25.65000e-3,+145.52262e-3,-16.23116e-3
+25.70000e-3,+143.11056e-3,-8.19096e-3
+25.75000e-3,+145.52262e-3,-8.19096e-3
+25.80000e-3,+147.93468e-3,-16.23116e-3
+25.85000e-3,+148.23619e-3,-8.19096e-3
+25.90000e-3,+147.93468e-3,-8.19096e-3
+25.95000e-3,+147.93468e-3,-12.71358e-3
+26.00000e-3,+143.11056e-3,-8.19096e-3
+26.05000e-3,+147.93468e-3,-4.17086e-3
+26.10000e-3,+147.93468e-3,-8.69348e-3
+26.15000e-3,+145.82413e-3,-4.17086e-3
+26.20000e-3,+147.93468e-3,-16.23116e-3
+26.25000e-3,+140.69850e-3,-150.76e-6
+26.30000e-3,+147.93468e-3,-16.23116e-3
+26.35000e-3,+145.82413e-3,-12.71358e-3
+26.40000e-3,+143.41207e-3,-16.23116e-3
+26.45000e-3,+143.11056e-3,-12.71358e-3
+26.50000e-3,+143.11056e-3,-8.19096e-3
+26.55000e-3,+145.52262e-3,-8.19096e-3
+26.60000e-3,+147.93468e-3,-8.69348e-3
+26.65000e-3,+147.93468e-3,-8.19096e-3
+26.70000e-3,+143.11056e-3,-8.69348e-3
+26.75000e-3,+147.93468e-3,-8.19096e-3
+26.80000e-3,+147.93468e-3,-8.19096e-3
+26.85000e-3,+145.82413e-3,-8.69348e-3
+26.90000e-3,+147.93468e-3,-8.69348e-3
+26.95000e-3,+143.11056e-3,-8.19096e-3
+27.00000e-3,+143.11056e-3,-16.23116e-3
+27.05000e-3,+145.52262e-3,-16.23116e-3
+27.10000e-3,+143.41207e-3,-16.23116e-3
+27.15000e-3,+147.93468e-3,-8.19096e-3
+27.20000e-3,+143.11056e-3,-8.19096e-3
+27.25000e-3,+143.11056e-3,-8.19096e-3
+27.30000e-3,+147.93468e-3,-8.19096e-3
+27.35000e-3,+143.11056e-3,-4.67338e-3
+27.40000e-3,+143.41207e-3,-8.69348e-3
+27.45000e-3,+138.28644e-3,-4.67338e-3
+27.50000e-3,+147.93468e-3,-8.19096e-3
+27.55000e-3,+145.82413e-3,-4.67338e-3
+27.60000e-3,+147.93468e-3,-8.19096e-3
+27.65000e-3,+143.11056e-3,-12.71358e-3
+27.70000e-3,+147.93468e-3,-653.28e-6
+27.75000e-3,+145.82413e-3,-12.71358e-3
+27.80000e-3,+147.93468e-3,-8.19096e-3
+27.85000e-3,+143.11056e-3,-8.19096e-3
+27.90000e-3,+147.93468e-3,-653.28e-6
+27.95000e-3,+145.82413e-3,-8.19096e-3
+28.00000e-3,+143.11056e-3,-16.23116e-3
+28.05000e-3,+145.82413e-3,-4.17086e-3
+28.10000e-3,+143.11056e-3,-8.69348e-3
+28.15000e-3,+145.52262e-3,-8.19096e-3
+28.20000e-3,+147.93468e-3,-8.19096e-3
+28.25000e-3,+147.93468e-3,-8.19096e-3
+28.30000e-3,+147.93468e-3,-8.19096e-3
+28.35000e-3,+145.52262e-3,-12.71358e-3
+28.40000e-3,+147.93468e-3,-16.23116e-3
+28.45000e-3,+140.69850e-3,-12.71358e-3
+28.50000e-3,+138.58795e-3,-16.23116e-3
+28.55000e-3,+145.82413e-3,-16.23116e-3
+28.60000e-3,+147.93468e-3,-8.69348e-3
+28.65000e-3,+145.82413e-3,-8.19096e-3
+28.70000e-3,+147.93468e-3,-16.23116e-3
+28.75000e-3,+141.00001e-3,-8.19096e-3
+28.80000e-3,+143.11056e-3,-8.69348e-3
+28.85000e-3,+143.11056e-3,-8.19096e-3
+28.90000e-3,+143.11056e-3,-653.28e-6
+28.95000e-3,+145.52262e-3,-12.21106e-3
+29.00000e-3,+143.11056e-3,-16.23116e-3
+29.05000e-3,+147.93468e-3,-8.19096e-3
+29.10000e-3,+147.93468e-3,-8.19096e-3
+29.15000e-3,+143.11056e-3,-8.19096e-3
+29.20000e-3,+147.93468e-3,-8.19096e-3
+29.25000e-3,+143.11056e-3,-4.17086e-3
+29.30000e-3,+143.11056e-3,-16.23116e-3
+29.35000e-3,+147.93468e-3,-4.17086e-3
+29.40000e-3,+143.11056e-3,-8.69348e-3
+29.45000e-3,+145.82413e-3,-4.67338e-3
+29.50000e-3,+147.93468e-3,-16.23116e-3
+29.55000e-3,+145.52262e-3,-12.71358e-3
+29.60000e-3,+138.58795e-3,-16.23116e-3
+29.65000e-3,+140.69850e-3,-12.71358e-3
+29.70000e-3,+143.11056e-3,-8.19096e-3
+29.75000e-3,+145.52262e-3,-12.21106e-3
+29.80000e-3,+147.93468e-3,-8.69348e-3
+29.85000e-3,+143.41207e-3,-4.17086e-3
+29.90000e-3,+147.93468e-3,-16.23116e-3
+29.95000e-3,+143.11056e-3,-4.17086e-3
+30.00000e-3,+143.11056e-3,-8.19096e-3
+30.05000e-3,+145.52262e-3,-150.76e-6
+30.10000e-3,+147.93468e-3,-8.19096e-3
+30.15000e-3,+145.52262e-3,-8.19096e-3
+30.20000e-3,+143.41207e-3,-16.23116e-3
+30.25000e-3,+147.93468e-3,-8.19096e-3
+30.30000e-3,+147.93468e-3,-8.69348e-3
+30.35000e-3,+140.69850e-3,-8.19096e-3
+30.40000e-3,+143.11056e-3,-8.19096e-3
+30.45000e-3,+141.00001e-3,-4.17086e-3
+30.50000e-3,+138.58795e-3,-8.19096e-3
+30.55000e-3,+143.11056e-3,-12.71358e-3
+30.60000e-3,+143.41207e-3,-653.28e-6
+30.65000e-3,+140.69850e-3,-12.71358e-3
+30.70000e-3,+147.93468e-3,-653.28e-6
+30.75000e-3,+143.11056e-3,-8.19096e-3
+30.80000e-3,+147.93468e-3,+7.38693e-3
+30.85000e-3,+143.11056e-3,-8.19096e-3
+30.90000e-3,+143.11056e-3,-653.28e-6
+30.95000e-3,+143.11056e-3,-12.71358e-3
+31.00000e-3,+147.93468e-3,-8.19096e-3
+31.05000e-3,+143.41207e-3,-8.19096e-3
+31.10000e-3,+147.93468e-3,-8.69348e-3
+31.15000e-3,+143.11056e-3,-4.67338e-3
+31.20000e-3,+143.41207e-3,-8.19096e-3
+31.25000e-3,+145.82413e-3,-8.19096e-3
+31.30000e-3,+147.93468e-3,-8.19096e-3
+31.35000e-3,+145.52262e-3,-12.21106e-3
+31.40000e-3,+143.11056e-3,-8.69348e-3
+31.45000e-3,+147.93468e-3,-12.71358e-3
+31.50000e-3,+147.93468e-3,-16.23116e-3
+31.55000e-3,+143.11056e-3,-8.19096e-3
+31.60000e-3,+147.93468e-3,-8.19096e-3
+31.65000e-3,+143.11056e-3,-8.19096e-3
+31.70000e-3,+147.93468e-3,-653.28e-6
+31.75000e-3,+145.82413e-3,-12.71358e-3
+31.80000e-3,+147.93468e-3,-8.19096e-3
+31.85000e-3,+143.11056e-3,-8.19096e-3
+31.90000e-3,+147.93468e-3,-8.69348e-3
+31.95000e-3,+145.52262e-3,-8.19096e-3
+32.00000e-3,+147.93468e-3,-8.69348e-3
+32.05000e-3,+143.11056e-3,-8.19096e-3
+32.10000e-3,+143.11056e-3,-8.19096e-3
+32.15000e-3,+143.11056e-3,-150.76e-6
+32.20000e-3,+143.11056e-3,-16.23116e-3
+32.25000e-3,+143.11056e-3,-150.76e-6
+32.30000e-3,+147.93468e-3,-16.23116e-3
+32.35000e-3,+145.52262e-3,-8.19096e-3
+32.40000e-3,+143.41207e-3,-8.69348e-3
+32.45000e-3,+145.52262e-3,-12.21106e-3
+32.50000e-3,+147.93468e-3,-8.19096e-3
+32.55000e-3,+145.52262e-3,-8.19096e-3
+32.60000e-3,+147.93468e-3,-8.69348e-3
+32.65000e-3,+143.11056e-3,-12.71358e-3
+32.70000e-3,+143.11056e-3,-16.23116e-3
+32.75000e-3,+145.82413e-3,-8.19096e-3
+32.80000e-3,+147.93468e-3,-8.19096e-3
+32.85000e-3,+143.11056e-3,-16.23116e-3
+32.90000e-3,+147.93468e-3,-8.19096e-3
+32.95000e-3,+143.11056e-3,-12.21106e-3
+33.00000e-3,+143.41207e-3,-8.69348e-3
+33.05000e-3,+145.52262e-3,-12.71358e-3
+33.10000e-3,+147.93468e-3,-16.23116e-3
+33.15000e-3,+140.69850e-3,-8.19096e-3
+33.20000e-3,+147.93468e-3,-16.23116e-3
+33.25000e-3,+143.11056e-3,-8.19096e-3
+33.30000e-3,+147.93468e-3,-8.19096e-3
+33.35000e-3,+143.41207e-3,-4.17086e-3
+33.40000e-3,+143.41207e-3,-653.28e-6
+33.45000e-3,+143.11056e-3,-4.67338e-3
+33.50000e-3,+143.41207e-3,-8.19096e-3
+33.55000e-3,+145.52262e-3,-4.67338e-3
+33.60000e-3,+143.41207e-3,-8.19096e-3
+33.65000e-3,+145.52262e-3,-12.21106e-3
+33.70000e-3,+147.93468e-3,-8.19096e-3
+33.75000e-3,+143.11056e-3,-8.19096e-3
+33.80000e-3,+143.11056e-3,-8.19096e-3
+33.85000e-3,+143.11056e-3,-8.69348e-3
+33.90000e-3,+147.93468e-3,-8.69348e-3
+33.95000e-3,+141.00001e-3,-8.19096e-3
+34.00000e-3,+147.93468e-3,-8.19096e-3
+34.05000e-3,+140.69850e-3,-12.71358e-3
+34.10000e-3,+147.93468e-3,-653.28e-6
+34.15000e-3,+143.41207e-3,-8.19096e-3
+34.20000e-3,+143.11056e-3,-653.28e-6
+34.25000e-3,+143.11056e-3,-12.71358e-3
+34.30000e-3,+138.28644e-3,-8.19096e-3
+34.35000e-3,+145.82413e-3,-4.17086e-3
+34.40000e-3,+147.93468e-3,-16.23116e-3
+34.45000e-3,+145.82413e-3,-8.19096e-3
+34.50000e-3,+143.41207e-3,-8.19096e-3
+34.55000e-3,+145.82413e-3,-8.69348e-3
+34.60000e-3,+147.93468e-3,-8.19096e-3
+34.65000e-3,+145.52262e-3,-4.17086e-3
+34.70000e-3,+147.93468e-3,-653.28e-6
+34.75000e-3,+145.82413e-3,-8.19096e-3
+34.80000e-3,+143.11056e-3,-8.19096e-3
+34.85000e-3,+143.11056e-3,-8.19096e-3
+34.90000e-3,+147.93468e-3,-8.19096e-3
+34.95000e-3,+145.82413e-3,-4.17086e-3
+35.00000e-3,+143.11056e-3,-653.28e-6
+35.05000e-3,+145.82413e-3,-4.17086e-3
+35.10000e-3,+147.93468e-3,-8.69348e-3
+35.15000e-3,+145.82413e-3,-8.19096e-3
+35.20000e-3,+147.93468e-3,-8.19096e-3
+35.25000e-3,+145.82413e-3,-12.71358e-3
+35.30000e-3,+138.58795e-3,-653.28e-6
+35.35000e-3,+143.11056e-3,-8.19096e-3
+35.40000e-3,+143.11056e-3,-8.19096e-3
+35.45000e-3,+145.82413e-3,-8.19096e-3
+35.50000e-3,+143.11056e-3,-8.19096e-3
+35.55000e-3,+140.69850e-3,-8.19096e-3
+35.60000e-3,+143.11056e-3,-8.19096e-3
+35.65000e-3,+147.93468e-3,-12.21106e-3
+35.70000e-3,+147.93468e-3,-8.19096e-3
+35.75000e-3,+145.52262e-3,-4.17086e-3
+35.80000e-3,+143.11056e-3,-8.19096e-3
+35.85000e-3,+147.93468e-3,-8.19096e-3
+35.90000e-3,+147.93468e-3,-653.28e-6
+35.95000e-3,+145.52262e-3,-8.19096e-3
+36.00000e-3,+147.93468e-3,-8.19096e-3
+36.05000e-3,+145.52262e-3,-12.71358e-3
+36.10000e-3,+147.93468e-3,-16.23116e-3
+36.15000e-3,+143.11056e-3,-4.17086e-3
+36.20000e-3,+138.58795e-3,-8.19096e-3
+36.25000e-3,+138.28644e-3,-8.19096e-3
+36.30000e-3,+143.11056e-3,-16.23116e-3
+36.35000e-3,+143.11056e-3,-8.19096e-3
+36.40000e-3,+147.93468e-3,-16.23116e-3
+36.45000e-3,+143.11056e-3,-8.19096e-3
+36.50000e-3,+147.93468e-3,-8.19096e-3
+36.55000e-3,+145.82413e-3,-12.21106e-3
+36.60000e-3,+143.41207e-3,-8.19096e-3
+36.65000e-3,+147.93468e-3,-8.19096e-3
+36.70000e-3,+143.11056e-3,-8.69348e-3
+36.75000e-3,+147.93468e-3,-4.17086e-3
+36.80000e-3,+138.58795e-3,-16.23116e-3
+36.85000e-3,+143.41207e-3,-12.71358e-3
+36.90000e-3,+143.41207e-3,-8.69348e-3
+36.95000e-3,+145.82413e-3,-8.19096e-3
+37.00000e-3,+143.11056e-3,-16.23116e-3
+37.05000e-3,+143.41207e-3,-4.67338e-3
+37.10000e-3,+143.41207e-3,-8.19096e-3
+37.15000e-3,+145.82413e-3,-4.67338e-3
+37.20000e-3,+147.93468e-3,-653.28e-6
+37.25000e-3,+141.00001e-3,-8.19096e-3
+37.30000e-3,+143.11056e-3,-16.23116e-3
+37.35000e-3,+143.11056e-3,-8.19096e-3
+37.40000e-3,+143.11056e-3,-8.19096e-3
+37.45000e-3,+145.82413e-3,-150.76e-6
+37.50000e-3,+147.93468e-3,-8.19096e-3
+37.55000e-3,+143.11056e-3,-150.76e-6
+37.60000e-3,+143.11056e-3,-8.19096e-3
+37.65000e-3,+145.82413e-3,-4.17086e-3
+37.70000e-3,+143.41207e-3,-8.69348e-3
+37.75000e-3,+141.00001e-3,-4.17086e-3
+37.80000e-3,+143.41207e-3,-653.28e-6
+37.85000e-3,+145.82413e-3,-8.19096e-3
+37.90000e-3,+143.11056e-3,-8.19096e-3
+37.95000e-3,+145.52262e-3,-8.19096e-3
+38.00000e-3,+143.11056e-3,-16.23116e-3
+38.05000e-3,+145.82413e-3,-8.19096e-3
+38.10000e-3,+143.11056e-3,-16.23116e-3
+38.15000e-3,+147.93468e-3,-8.19096e-3
+38.20000e-3,+143.11056e-3,-8.19096e-3
+38.25000e-3,+143.11056e-3,-8.19096e-3
+38.30000e-3,+138.58795e-3,-8.19096e-3
+38.35000e-3,+145.82413e-3,-8.19096e-3
+38.40000e-3,+143.11056e-3,-8.69348e-3
+38.45000e-3,+143.11056e-3,-8.19096e-3
+38.50000e-3,+143.11056e-3,-8.19096e-3
+38.55000e-3,+143.11056e-3,-4.17086e-3
+38.60000e-3,+143.11056e-3,-8.19096e-3
+38.65000e-3,+147.93468e-3,-12.21106e-3
+38.70000e-3,+147.93468e-3,-653.28e-6
+38.75000e-3,+143.11056e-3,-8.19096e-3
+38.80000e-3,+147.93468e-3,-653.28e-6
+38.85000e-3,+147.93468e-3,-12.71358e-3
+38.90000e-3,+147.93468e-3,-8.19096e-3
+38.95000e-3,+145.52262e-3,-4.67338e-3
+39.00000e-3,+143.41207e-3,-653.28e-6
+39.05000e-3,+145.52262e-3,-12.71358e-3
+39.10000e-3,+147.93468e-3,-8.19096e-3
+39.15000e-3,+143.11056e-3,-8.19096e-3
+39.20000e-3,+143.11056e-3,-8.19096e-3
+39.25000e-3,+143.11056e-3,-8.19096e-3
+39.30000e-3,+147.93468e-3,-16.23116e-3
+39.35000e-3,+145.82413e-3,-12.21106e-3
+39.40000e-3,+143.41207e-3,-8.19096e-3
+39.45000e-3,+145.52262e-3,-8.69348e-3
+39.50000e-3,+143.11056e-3,-8.19096e-3
+39.55000e-3,+145.52262e-3,-8.19096e-3
+39.60000e-3,+147.93468e-3,-8.19096e-3
+39.65000e-3,+143.41207e-3,-4.17086e-3
+39.70000e-3,+147.93468e-3,-16.23116e-3
+39.75000e-3,+145.52262e-3,-12.71358e-3
+39.80000e-3,+143.11056e-3,-8.19096e-3
+39.85000e-3,+147.93468e-3,-8.19096e-3
+39.90000e-3,+138.28644e-3,-653.28e-6
+39.95000e-3,+145.52262e-3,-8.19096e-3
+40.00000e-3,+147.93468e-3,-16.23116e-3
+40.05000e-3,+143.11056e-3,-12.71358e-3
+40.10000e-3,+147.93468e-3,-8.19096e-3
+40.15000e-3,+148.23619e-3,-12.71358e-3
+40.20000e-3,+147.93468e-3,-8.19096e-3
+40.25000e-3,+145.52262e-3,-4.17086e-3
+40.30000e-3,+152.75880e-3,-8.19096e-3
+40.35000e-3,+147.93468e-3,-8.19096e-3
+40.40000e-3,+143.11056e-3,-16.23116e-3
+40.45000e-3,+143.41207e-3,-8.19096e-3
+40.50000e-3,+143.11056e-3,-8.69348e-3
+40.55000e-3,+145.82413e-3,-4.67338e-3
+40.60000e-3,+143.11056e-3,-653.28e-6
+40.65000e-3,+143.11056e-3,-4.17086e-3
+40.70000e-3,+143.11056e-3,-16.23116e-3
+40.75000e-3,+147.93468e-3,-8.19096e-3
+40.80000e-3,+138.28644e-3,-8.19096e-3
+40.85000e-3,+143.11056e-3,-8.19096e-3
+40.90000e-3,+143.41207e-3,-16.23116e-3
+40.95000e-3,+145.82413e-3,-12.71358e-3
+41.00000e-3,+147.93468e-3,-8.19096e-3
+41.05000e-3,+141.00001e-3,-12.21106e-3
+41.10000e-3,+143.41207e-3,-8.19096e-3
+41.15000e-3,+143.11056e-3,-8.19096e-3
+41.20000e-3,+147.93468e-3,-16.23116e-3
+41.25000e-3,+148.23619e-3,-8.19096e-3
+41.30000e-3,+143.11056e-3,-8.19096e-3
+41.35000e-3,+147.93468e-3,-8.19096e-3
+41.40000e-3,+147.93468e-3,-8.19096e-3
+41.45000e-3,+145.82413e-3,-12.21106e-3
+41.50000e-3,+138.58795e-3,-8.19096e-3
+41.55000e-3,+145.52262e-3,-12.71358e-3
+41.60000e-3,+152.75880e-3,-653.28e-6
+41.65000e-3,+147.93468e-3,-8.19096e-3
+41.70000e-3,+143.41207e-3,-8.69348e-3
+41.75000e-3,+141.00001e-3,-8.19096e-3
+41.80000e-3,+143.41207e-3,-8.69348e-3
+41.85000e-3,+147.93468e-3,-8.19096e-3
+41.90000e-3,+147.93468e-3,-653.28e-6
+41.95000e-3,+143.11056e-3,-8.19096e-3
+42.00000e-3,+147.93468e-3,-653.28e-6
+42.05000e-3,+143.41207e-3,-16.23116e-3
+42.10000e-3,+147.93468e-3,-8.19096e-3
+42.15000e-3,+141.00001e-3,-8.19096e-3
+42.20000e-3,+143.41207e-3,-8.19096e-3
+42.25000e-3,+147.93468e-3,-4.67338e-3
+42.30000e-3,+147.93468e-3,-8.19096e-3
+42.35000e-3,+141.00001e-3,-8.19096e-3
+42.40000e-3,+143.11056e-3,-16.23116e-3
+42.45000e-3,+145.82413e-3,-150.76e-6
+42.50000e-3,+143.41207e-3,-8.19096e-3
+42.55000e-3,+143.11056e-3,-4.67338e-3
+42.60000e-3,+147.93468e-3,-8.19096e-3
+42.65000e-3,+143.11056e-3,-12.21106e-3
+42.70000e-3,+143.11056e-3,-8.19096e-3
+42.75000e-3,+147.93468e-3,-8.19096e-3
+42.80000e-3,+147.93468e-3,-8.19096e-3
+42.85000e-3,+143.11056e-3,-12.71358e-3
+42.90000e-3,+147.93468e-3,-8.19096e-3
+42.95000e-3,+145.82413e-3,-16.23116e-3
+43.00000e-3,+143.41207e-3,-8.19096e-3
+43.05000e-3,+145.52262e-3,-8.19096e-3
+43.10000e-3,+147.93468e-3,-16.23116e-3
+43.15000e-3,+138.28644e-3,-8.19096e-3
+43.20000e-3,+147.93468e-3,-16.23116e-3
+43.25000e-3,+145.52262e-3,-4.67338e-3
+43.30000e-3,+143.41207e-3,-16.23116e-3
+43.35000e-3,+145.82413e-3,-4.67338e-3
+43.40000e-3,+147.93468e-3,-16.23116e-3
+43.45000e-3,+145.82413e-3,-4.17086e-3
+43.50000e-3,+138.58795e-3,-8.19096e-3
+43.55000e-3,+147.93468e-3,-8.19096e-3
+43.60000e-3,+147.93468e-3,-8.19096e-3
+43.65000e-3,+145.52262e-3,-8.19096e-3
+43.70000e-3,+143.41207e-3,-8.19096e-3
+43.75000e-3,+148.23619e-3,-4.67338e-3
+43.80000e-3,+138.58795e-3,-16.23116e-3
+43.85000e-3,+147.93468e-3,-8.19096e-3
+43.90000e-3,+138.58795e-3,-150.76e-6
+43.95000e-3,+140.69850e-3,-8.19096e-3
+44.00000e-3,+143.11056e-3,-8.19096e-3
+44.05000e-3,+143.11056e-3,-4.17086e-3
+44.10000e-3,+147.93468e-3,-16.23116e-3
+44.15000e-3,+145.82413e-3,-8.19096e-3
+44.20000e-3,+143.41207e-3,-8.69348e-3
+44.25000e-3,+140.69850e-3,-12.71358e-3
+44.30000e-3,+143.41207e-3,-8.19096e-3
+44.35000e-3,+140.69850e-3,-8.19096e-3
+44.40000e-3,+143.11056e-3,-8.19096e-3
+44.45000e-3,+143.11056e-3,-4.67338e-3
+44.50000e-3,+143.11056e-3,-8.19096e-3
+44.55000e-3,+145.52262e-3,-4.67338e-3
+44.60000e-3,+147.93468e-3,-8.19096e-3
+44.65000e-3,+141.00001e-3,-8.19096e-3
+44.70000e-3,+147.93468e-3,-8.19096e-3
+44.75000e-3,+145.82413e-3,-8.19096e-3
+44.80000e-3,+143.11056e-3,-8.19096e-3
+44.85000e-3,+147.93468e-3,-4.67338e-3
+44.90000e-3,+138.58795e-3,-8.19096e-3
+44.95000e-3,+143.11056e-3,-4.17086e-3
+45.00000e-3,+147.93468e-3,-8.19096e-3
+45.05000e-3,+150.34674e-3,-12.21106e-3
+45.10000e-3,+143.11056e-3,-8.69348e-3
+45.15000e-3,+143.11056e-3,-4.17086e-3
+45.20000e-3,+138.58795e-3,-16.23116e-3
+45.25000e-3,+147.93468e-3,-8.19096e-3
+45.30000e-3,+147.93468e-3,-653.28e-6
+45.35000e-3,+145.82413e-3,-8.69348e-3
+45.40000e-3,+147.93468e-3,-8.69348e-3
+45.45000e-3,+147.93468e-3,-12.21106e-3
+45.50000e-3,+143.11056e-3,-8.19096e-3
+45.55000e-3,+145.52262e-3,-12.71358e-3
+45.60000e-3,+143.11056e-3,-8.19096e-3
+45.65000e-3,+141.00001e-3,-16.23116e-3
+45.70000e-3,+143.11056e-3,-653.28e-6
+45.75000e-3,+143.11056e-3,-12.21106e-3
+45.80000e-3,+147.93468e-3,-8.19096e-3
+45.85000e-3,+143.11056e-3,-4.17086e-3
+45.90000e-3,+143.11056e-3,-8.19096e-3
+45.95000e-3,+143.11056e-3,-8.19096e-3
+46.00000e-3,+143.41207e-3,-8.19096e-3
+46.05000e-3,+140.69850e-3,-16.23116e-3
+46.10000e-3,+143.11056e-3,-8.19096e-3
+46.15000e-3,+143.11056e-3,-8.19096e-3
+46.20000e-3,+147.93468e-3,-8.19096e-3
+46.25000e-3,+147.93468e-3,-8.19096e-3
+46.30000e-3,+147.93468e-3,-8.19096e-3
+46.35000e-3,+143.41207e-3,-8.19096e-3
+46.40000e-3,+147.93468e-3,-16.23116e-3
+46.45000e-3,+140.69850e-3,-12.71358e-3
+46.50000e-3,+143.41207e-3,-8.19096e-3
+46.55000e-3,+147.93468e-3,-12.21106e-3
+46.60000e-3,+143.41207e-3,-8.19096e-3
+46.65000e-3,+140.69850e-3,-8.19096e-3
+46.70000e-3,+143.41207e-3,-8.69348e-3
+46.75000e-3,+143.11056e-3,-4.17086e-3
+46.80000e-3,+147.93468e-3,-16.23116e-3
+46.85000e-3,+147.93468e-3,-8.19096e-3
+46.90000e-3,+143.11056e-3,-8.69348e-3
+46.95000e-3,+143.11056e-3,-150.76e-6
+47.00000e-3,+147.93468e-3,-8.19096e-3
+47.05000e-3,+147.93468e-3,-8.19096e-3
+47.10000e-3,+143.11056e-3,-16.23116e-3
+47.15000e-3,+143.11056e-3,-8.19096e-3
+47.20000e-3,+143.41207e-3,-8.19096e-3
+47.25000e-3,+145.52262e-3,-4.17086e-3
+47.30000e-3,+143.11056e-3,-8.19096e-3
+47.35000e-3,+145.52262e-3,-8.19096e-3
+47.40000e-3,+143.41207e-3,-150.76e-6
+47.45000e-3,+143.11056e-3,-8.19096e-3
+47.50000e-3,+143.11056e-3,-16.23116e-3
+47.55000e-3,+143.11056e-3,-8.19096e-3
+47.60000e-3,+143.11056e-3,-8.19096e-3
+47.65000e-3,+143.11056e-3,-12.71358e-3
+47.70000e-3,+147.93468e-3,-8.19096e-3
+47.75000e-3,+145.52262e-3,-8.19096e-3
+47.80000e-3,+147.93468e-3,-8.19096e-3
+47.85000e-3,+145.52262e-3,-16.23116e-3
+47.90000e-3,+143.41207e-3,-8.19096e-3
+47.95000e-3,+145.52262e-3,-4.17086e-3
+48.00000e-3,+138.58795e-3,-16.23116e-3
+48.05000e-3,+145.82413e-3,-8.19096e-3
+48.10000e-3,+147.93468e-3,-653.28e-6
+48.15000e-3,+143.41207e-3,-8.19096e-3
+48.20000e-3,+143.11056e-3,-8.19096e-3
+48.25000e-3,+145.82413e-3,-8.19096e-3
+48.30000e-3,+143.11056e-3,-8.19096e-3
+48.35000e-3,+147.93468e-3,-150.76e-6
+48.40000e-3,+143.41207e-3,-16.23116e-3
+48.45000e-3,+145.82413e-3,-4.17086e-3
+48.50000e-3,+147.93468e-3,-16.23116e-3
+48.55000e-3,+143.11056e-3,-16.23116e-3
+48.60000e-3,+147.93468e-3,-8.19096e-3
+48.65000e-3,+143.11056e-3,-8.19096e-3
+48.70000e-3,+143.41207e-3,-8.69348e-3
+48.75000e-3,+143.41207e-3,-8.69348e-3
+48.80000e-3,+143.11056e-3,-8.19096e-3
+48.85000e-3,+145.52262e-3,-8.19096e-3
+48.90000e-3,+143.41207e-3,-8.19096e-3
+48.95000e-3,+147.93468e-3,-16.23116e-3
+49.00000e-3,+147.93468e-3,-16.23116e-3
+49.05000e-3,+147.93468e-3,-12.71358e-3
+49.10000e-3,+143.11056e-3,-8.19096e-3
+49.15000e-3,+143.11056e-3,-8.19096e-3
+49.20000e-3,+147.93468e-3,-8.19096e-3
+49.25000e-3,+143.11056e-3,-4.67338e-3
+49.30000e-3,+143.11056e-3,-16.23116e-3
+49.35000e-3,+143.41207e-3,-12.71358e-3
+49.40000e-3,+147.93468e-3,-8.19096e-3
+49.45000e-3,+143.11056e-3,-4.67338e-3
+49.50000e-3,+143.41207e-3,-653.28e-6
+49.55000e-3,+147.93468e-3,-4.17086e-3
+49.60000e-3,+138.58795e-3,-8.19096e-3
+49.65000e-3,+147.93468e-3,-4.67338e-3
+49.70000e-3,+143.11056e-3,-8.19096e-3
+49.75000e-3,+145.52262e-3,-16.23116e-3
+49.80000e-3,+138.58795e-3,-16.23116e-3
+49.85000e-3,+147.93468e-3,-12.71358e-3
+49.90000e-3,+147.93468e-3,-8.19096e-3
+49.95000e-3,+147.93468e-3,-8.19096e-3
