#nu/kHz U_a^2/V^2
0.342 0.051 20
0.512 0.117 20
0.604 0.165 20
0.667 0.203 20
0.773 0.278 20
0.814 0.310 20
0.890 0.376 20
0.942 0.424 20
1.023 0.509 20
1.086 0.582 20
1.126 0.635 20
1.141 0.660 20
1.184 0.724 20
1.232 0.779 20
1.294 0.872 20
1.321 0.915 20
1.349 0.969 20
1.401 1.035 20
1.481 1.190 20
1.506 1.275 20
1.606 1.500 20
1.664 1.650 20
1.730 1.875 20
1.754 1.920 20
1.810 2.05 20
1.863 2.20 20
1.920 2.45 20
1.972 2.63 20
1.978 2.80 20
2.046 3.05 20
2.129 3.40 20
2.196 3.74 20
2.225 4.22 20
2.304 4.55 20
2.383 5.25 20
2.438 5.30 20
2.487 4.52 20
2.539 4.81 20
2.569 4.93 20
2.633 5.32 20
2.696 5.74 20
2.744 6.11 20
2.821 6.78 20
2.936 7.90 20
3.021 8.90 20
3.108 2.38 10
3.217 2.76 10
3.358 3.45 10
3.478 4.01 10
3.637 5.32 10
3.722 6.18 10
3.757 6.55 10
3.860 7.90 10
3.924 8.84 10
4.001 2.69 5
4.264 4.93 5
4.349 6.35 5
4.475 9.18 5
4.568 2.10 2
4.683 3.16 2
4.750 4.00 2
4.811 5.10 2
4.933 7.70 2
5.038 8.64 2
5.120 7.85 2
5.215 6.25 2
5.330 4.20 2
5.446 2.80 2
5.596 1.84 2
5.706 1.38 2
5.901 5.60 5
6.033 4.41 5
6.170 3.51 5
6.231 3.20 5
6.320 2.77 5
6.474 2.29 5
6.580 2.06 5
6.651 1.89 5
6.827 6.04 10
6.928 5.57 10
7.042 5.01 10
7.208 4.34 10
7.349 3.94 10
7.472 3.60 10
7.640 3.20 10
7.776 2.96 10
8.044 2.57 10
8.245 2.23 10
8.433 2.02 10
8.664 1.80 10
8.870 7.07 20
8.980 6.74 20
9.167 6.25 20
9.357 5.81 20
9.671 5.22 20
9.939 4.76 20
10.370 4.22 20
11.769 2.80 20
13.206 1.85 20
14.901 1.45 20
17.841 0.92 20
21.065 0.63 20
26.828 0.36 20
38.231 0.172 20
53.018 0.085 20
65.861 0.049 20
