# Signal je Kanal
-0.733961
-0.332712
-0.210425
-0.561376
-0.249716
-0.303826
-0.370751
-0.164327
-0.063851
-0.532932
0.468242
-0.974831
-0.260570
-0.529133
-0.436928
-0.318515
-0.240866
-0.137460
-0.270095
-0.145750
-0.316664
-0.119542
-0.422122
-0.448184
-0.289756
-0.544056
-0.619515
-0.388512
-0.366019
0.008534
-0.673291
-0.159121
-0.110083
0.054835
-0.046321
-0.319411
0.020255
0.077206
0.309121
-0.081981
0.251017
-0.013498
0.003810
-0.341138
0.271582
-0.155776
0.354533
-0.134574
0.040933
0.018732
0.139244
0.339361
0.036342
0.185363
0.158051
0.839596
0.055910
0.812060
-0.497666
-0.043452
0.420983
0.396601
0.287330
0.216888
-0.093496
0.358793
0.120985
0.141801
0.194130
0.444958
0.034977
-0.312032
0.255131
0.371135
0.411267
-0.012863
0.071595
-0.227120
0.356833
0.145652
0.453216
0.167032
0.072072
0.070998
0.384066
-0.448531
-0.458404
-0.169853
0.024264
0.141041
-0.053786
-0.506249
1.638055
0.226092
-0.037118
0.108903
-0.104018
0.248305
0.087027
0.361054
0.661984
0.149068
0.260581
0.119607
0.037957
0.288387
-0.071772
0.137756
0.447940
0.069375
0.361201
0.022754
-0.157399
0.337819
0.231077
0.063319
0.589905
0.067555
-0.089635
-0.147693
0.190218
0.119017
0.022540
-0.175338
0.167387
-0.089895
-0.482960
-0.434489
