# Signal je Kanal
0.064221
-0.265846
-0.237406
-0.581694
-0.463717
-0.423883
-0.397789
-0.263428
-0.408543
-0.439302
0.049869
-0.747385
-0.655554
-0.389459
-0.525043
-0.268636
-0.432814
-0.266430
-0.383223
-0.263581
-0.515790
-0.335432
-0.567231
-0.487404
-0.275775
-0.456426
-0.456897
-0.372703
-0.403082
-0.210322
-0.448588
-0.290130
-0.414936
-0.095850
-0.191212
-0.033454
-0.059474
-0.222352
-0.014435
-0.145786
0.046476
-0.091329
-0.040873
-0.075218
0.080024
-0.030614
-0.052856
-0.014383
0.216090
-0.041007
-0.114432
0.126062
-0.130412
0.223725
0.030547
0.266598
0.005181
0.494927
-0.103866
0.096641
0.092804
0.070177
0.215778
0.019319
0.143684
0.224305
0.039206
0.162246
-0.000399
0.033731
-0.056612
0.049889
-0.027135
-0.041208
0.093996
-0.113611
0.151026
-0.120101
0.460312
0.144833
0.073888
0.051268
0.096382
0.039228
0.154785
-0.142751
0.039387
0.319211
0.406367
0.592104
4.579785
134.249800
7.177050
0.744762
0.645788
0.219262
0.288115
-0.154104
0.187367
-0.049471
0.047220
-0.143452
0.065243
-0.133880
-0.079728
0.013012
-0.179529
-0.126734
0.035635
-0.025282
-0.204990
-0.023928
-0.185262
-0.371429
0.030552
-0.218316
-0.189164
-0.230112
-0.206295
-0.176667
-0.039331
-0.380416
-0.376123
-0.300082
-0.377105
-0.347687
-0.400297
0.119132
