# Signal je Kanal
-0.380622
-0.264173
-0.171874
-0.429274
-0.393185
-0.376394
-0.216384
-0.368598
-0.324173
-0.539568
-0.048218
-0.519040
-0.499115
-0.309913
-0.421610
-0.163110
-0.216482
-0.306703
-0.430489
-0.201048
-0.369268
-0.267910
-0.459773
-0.397922
-0.204382
-0.248003
-0.340385
-0.258151
-0.193642
-0.028767
-0.307237
-0.100689
-0.313523
-0.056224
-0.088699
0.051081
0.061885
0.113975
0.109138
0.233468
0.127045
0.246972
-0.021324
0.126153
0.170554
0.104711
0.182561
0.177959
0.055019
0.176359
0.097904
0.314423
0.057986
0.171370
0.280741
0.395045
0.188540
0.602499
0.035520
0.266100
0.351008
0.248557
0.301220
0.458437
0.272207
0.247815
0.153677
0.297526
0.328678
0.348105
0.220639
0.237157
0.396007
0.256134
0.336238
0.235595
0.312269
0.143187
0.678808
0.219480
0.241204
0.120001
0.281844
0.000814
0.370921
0.060647
0.154875
0.442709
0.141150
-0.167334
0.244266
72.822860
-4.997313
-1.693314
-0.025814
0.259655
0.193887
0.133016
-0.328555
0.739363
0.198463
0.195704
0.453348
0.123196
0.168669
0.379062
-0.056056
0.104611
0.338763
0.203009
0.319805
0.119362
0.160003
0.214304
0.194907
0.227830
0.253004
0.025104
0.255656
0.043681
0.192044
-0.029382
-0.000905
-0.028776
-0.266811
-0.128379
-0.196966
0.210836
