# Signal je Kanal
0.000092
-0.217868
-0.113822
-0.532970
-0.431864
-0.352152
-0.441943
-0.249506
-0.185088
-0.508341
0.109678
-0.660705
-0.570756
-0.365706
-0.504344
-0.220797
-0.342224
-0.327564
-0.364379
-0.250682
-0.420085
-0.409518
-0.514515
-0.515515
-0.401006
-0.537609
-0.394147
-0.315913
-0.292335
-0.324383
-0.466759
-0.338297
-0.422076
-0.093021
-0.319275
0.065310
-0.209540
-0.080704
-0.274300
-0.161984
-0.064792
-0.135488
-0.049154
-0.081441
0.037903
0.100018
-0.045059
-0.068622
0.103125
-0.055282
-0.064597
0.259797
-0.165549
0.250544
-0.038704
0.269451
-0.139929
0.392915
-0.078078
0.124442
0.003491
-0.001879
0.103634
0.150090
0.093420
0.118206
-0.049861
-0.006017
-0.098587
0.093446
-0.088814
0.034596
0.147401
0.046553
0.148743
-0.030878
0.115524
-0.049423
0.440247
0.093806
-0.058245
-0.037739
0.191013
-0.029063
0.130582
-0.061975
0.101127
0.298154
0.377123
0.459251
4.641746
134.702738
6.921289
0.708183
0.678701
0.175951
0.314914
-0.149497
0.200371
-0.185694
0.098954
-0.091707
0.146771
-0.102155
0.037942
0.089608
-0.032891
-0.041124
-0.028496
0.020412
-0.037465
-0.096048
-0.038573
-0.351728
0.074339
-0.146599
-0.178340
-0.179383
-0.120728
-0.453541
-0.094595
-0.465686
-0.263410
-0.248407
-0.415360
-0.291022
-0.448438
0.122893
