# Signal je Kanal
-0.006510
-0.165760
-0.293305
-0.396685
-0.458576
-0.441713
-0.278734
-0.200322
-0.421380
-0.493938
0.116863
-0.695130
-0.627452
-0.508233
-0.563757
-0.099600
-0.425550
-0.368040
-0.450088
-0.249359
-0.401597
-0.423401
-0.545037
-0.475222
-0.405499
-0.481218
-0.365765
-0.387533
-0.306763
-0.210119
-0.422548
-0.287900
-0.476606
-0.116688
-0.153019
-0.111102
-0.082299
-0.056144
-0.070183
-0.084458
0.054682
-0.045217
-0.037694
-0.059209
0.121232
-0.028420
-0.016497
-0.022193
0.120533
-0.044762
-0.159182
0.252112
-0.150064
0.064213
0.076668
0.309955
-0.076488
0.505120
-0.188405
0.118879
0.197699
0.030560
0.095167
0.021629
0.126079
0.075737
0.062598
0.080417
0.023838
0.119780
-0.129295
0.091071
0.089929
-0.099807
0.294968
-0.047277
0.140079
-0.166742
0.480688
0.112225
0.030162
0.003770
0.123584
-0.008470
0.157898
-0.024568
0.131702
0.423299
0.358584
0.499215
4.408119
134.825432
6.735076
0.748304
0.495103
0.283357
0.321279
-0.136829
0.267156
-0.089854
0.157038
-0.095202
0.002403
-0.166596
-0.006546
-0.030701
-0.230230
-0.062489
-0.083926
-0.014037
-0.278638
-0.046650
-0.203798
-0.327121
0.016702
-0.227004
-0.067900
-0.268918
-0.096180
-0.268195
-0.107016
-0.397237
-0.303886
-0.294871
-0.278052
-0.344456
-0.394975
0.187365
