# Signal je Kanal
0.164106
-0.061079
-0.287505
-0.498223
-0.387983
-0.359330
-0.370071
-0.193530
-0.421033
-0.386710
0.011646
-0.647889
-0.549966
-0.327897
-0.521436
-0.181965
-0.393141
-0.298578
-0.366391
-0.210922
-0.338159
-0.344753
-0.427733
-0.478778
-0.441992
-0.517693
-0.481055
-0.352032
-0.308507
-0.208616
-0.523943
-0.207485
-0.536189
-0.103066
-0.255489
0.103980
-0.086806
-0.003941
-0.196421
0.077654
0.040172
-0.111636
0.014654
-0.118461
0.094710
-0.089029
-0.024119
-0.009805
0.304738
-0.154370
-0.076779
0.275631
-0.166648
0.216666
0.043014
0.305291
-0.095082
0.457686
-0.039213
0.069295
-0.025759
0.070847
0.175328
0.034044
0.173281
0.085155
0.108836
-0.030085
-0.035818
0.163092
-0.032068
-0.028429
0.060356
0.090296
0.132558
-0.208871
0.109494
-0.178442
0.462050
0.138583
-0.069434
-0.014927
0.074099
-0.128935
0.145247
-0.062100
0.064099
0.294980
0.363250
0.379121
4.436915
135.023173
6.573687
0.672297
0.509821
0.262667
0.275864
-0.166586
0.138091
-0.253423
0.207437
-0.014009
0.115752
-0.081326
-0.053948
-0.014391
-0.144807
-0.076111
-0.063656
-0.031624
-0.128537
-0.074247
-0.238520
-0.212106
0.105149
-0.307595
-0.211597
-0.266385
-0.303752
-0.094876
-0.117631
-0.272021
-0.317459
-0.229645
-0.374510
-0.421860
-0.394662
0.239956
