# Signal je Kanal
-0.045446
-0.006986
-0.210493
-0.504772
-0.421731
-0.393062
-0.261020
-0.290259
-0.441716
-0.405390
0.114845
-0.610777
-0.558665
-0.413592
-0.489207
-0.233671
-0.457915
-0.288552
-0.405106
-0.029899
-0.523802
-0.340515
-0.485494
-0.534503
-0.399911
-0.328647
-0.389088
-0.315832
-0.330309
-0.187397
-0.422820
-0.345205
-0.448988
-0.078004
-0.341194
0.018389
-0.200582
0.046208
-0.018396
-0.054980
0.042337
-0.111551
0.006852
-0.179336
-0.047945
-0.107743
0.010054
-0.092535
0.177983
-0.061308
-0.129553
0.289737
-0.207590
0.197612
0.154219
0.292553
-0.135940
0.391899
-0.143047
-0.060260
-0.007455
0.129882
0.099745
0.088129
0.058741
0.145230
-0.054802
0.067021
-0.019605
-0.002450
0.060962
-0.011224
0.153461
0.133427
0.154799
-0.108840
0.056579
-0.183197
0.345328
0.098896
-0.114264
-0.018681
0.080240
-0.046813
0.067564
-0.004028
0.060303
0.376103
0.432278
0.409287
4.340204
135.265118
6.657743
0.734399
0.612889
0.156237
0.307843
-0.122408
0.169204
-0.151377
0.170741
-0.131708
0.146872
-0.105086
0.162052
0.052694
-0.096642
-0.034957
-0.072621
-0.055440
-0.100483
-0.101173
-0.154489
-0.348734
-0.026506
-0.116605
-0.083456
-0.327191
-0.141587
-0.214670
-0.113495
-0.390747
-0.161346
-0.289361
-0.320255
-0.339893
-0.450289
0.241073
