# Signal je Kanal
0.106646
-0.044593
-0.164061
-0.436392
-0.283490
-0.421547
-0.255614
-0.155048
-0.339351
-0.426911
0.153210
-0.678208
-0.489349
-0.440034
-0.427865
-0.167268
-0.362573
-0.338919
-0.242927
-0.129401
-0.441439
-0.290245
-0.531827
-0.502068
-0.361361
-0.472101
-0.438561
-0.343334
-0.350674
-0.222875
-0.375332
-0.366622
-0.340661
-0.068578
-0.264831
0.040953
-0.154036
-0.125023
0.058875
-0.068440
0.014883
-0.246761
-0.051638
-0.132861
0.056447
-0.015336
0.080216
-0.015095
0.090560
-0.216539
-0.161960
0.230259
-0.271996
0.165101
0.067797
0.312992
-0.138396
0.322557
-0.122509
0.079154
0.037007
-0.082295
0.131192
0.015768
0.292773
0.126645
-0.059368
0.048555
-0.045156
0.048003
-0.085351
0.012240
0.132036
-0.041887
0.179197
-0.169383
-0.127493
-0.129742
0.386752
0.100363
-0.143670
0.004864
0.079679
-0.025445
0.084982
-0.148340
0.128697
0.405549
0.325902
0.417831
4.288181
135.041939
6.611331
0.719168
0.560460
0.284530
0.176640
-0.179909
0.162874
-0.040226
0.169392
-0.153116
0.080384
-0.014821
0.122521
-0.024653
0.008705
0.017387
-0.177937
-0.035918
-0.241661
-0.147645
-0.183982
-0.336212
0.062796
-0.200047
-0.130915
-0.236869
-0.100193
-0.140352
-0.112933
-0.370280
-0.165963
-0.233847
-0.226109
-0.344386
-0.392923
0.141611
