# Signal je Kanal
0.057778
-0.002841
-0.064342
-0.691361
-0.312650
-0.466621
-0.226826
-0.140148
-0.446411
-0.538899
0.040186
-0.638448
-0.592428
-0.470115
-0.499924
-0.220416
-0.334739
-0.186212
-0.299982
-0.144548
-0.423607
-0.343188
-0.524121
-0.532121
-0.295560
-0.518072
-0.308817
-0.390417
-0.337984
-0.273928
-0.410535
-0.319784
-0.439702
0.033227
-0.284807
-0.093204
-0.075243
-0.135337
0.044837
-0.112630
0.036744
-0.142994
-0.052708
-0.008080
0.043357
-0.093403
0.062238
-0.013244
0.161495
-0.182641
-0.146119
0.298994
-0.100186
0.426811
-0.059235
0.252916
-0.050512
0.364469
0.004195
-0.046886
-0.095941
0.012522
-0.021679
0.065525
0.136883
0.180662
-0.068320
0.034537
-0.085125
-0.055042
-0.019558
-0.020807
0.122703
-0.027042
0.105133
-0.111412
0.029255
-0.180820
0.414702
0.016393
-0.079711
-0.048235
0.121585
-0.040385
0.035036
-0.089567
0.117526
0.390372
0.417743
0.410830
4.283922
135.043917
6.659677
0.743786
0.578379
0.009688
0.354278
-0.212922
0.207560
0.000831
0.091069
-0.147313
0.118256
-0.041898
0.095287
0.012142
-0.015541
0.011223
-0.015095
-0.007108
-0.135041
-0.005775
-0.110165
-0.382365
0.038766
-0.192178
-0.211017
-0.180961
-0.238226
-0.037514
-0.064101
-0.336441
-0.246101
-0.269077
-0.346011
-0.204661
-0.520856
0.212449
