# Signal je Kanal
0.296310
-0.089872
-0.342106
-0.508660
-0.519577
-0.552628
-0.309953
-0.166273
-0.448351
-0.511161
0.142978
-0.795370
-0.517583
-0.454272
-0.645922
-0.062691
-0.568579
-0.253371
-0.407021
-0.285560
-0.490609
-0.345425
-0.462295
-0.420426
-0.418727
-0.612224
-0.386841
-0.336579
-0.426949
-0.289192
-0.517612
-0.143174
-0.526787
-0.058843
-0.359026
0.036600
-0.297336
-0.182314
-0.117426
-0.020903
-0.069426
-0.106240
-0.068865
-0.059200
0.036157
-0.108422
-0.034822
0.077446
0.217161
-0.124878
-0.131249
0.216045
-0.177309
0.225874
0.108363
0.356650
-0.079793
0.541025
-0.134806
0.040889
0.072636
-0.012690
0.178843
-0.043400
0.239565
0.148423
0.045312
0.179059
-0.081392
0.062735
0.024200
0.028963
0.148686
-0.031115
0.178949
-0.102503
0.032052
-0.160934
0.549382
0.053140
0.018893
-0.035502
0.028608
-0.113545
0.164717
-0.034706
0.127413
0.408168
0.422544
0.584358
4.281821
135.139110
6.675240
0.813514
0.690135
0.122367
0.352142
-0.212083
0.239376
-0.126343
0.057988
-0.118455
0.176114
-0.130943
-0.011654
0.154911
-0.181394
-0.074771
-0.056283
0.050715
-0.182991
-0.105912
-0.162131
-0.218675
0.088595
-0.237226
-0.138244
-0.110146
-0.214330
-0.160832
-0.114271
-0.391637
-0.217183
-0.206254
-0.390170
-0.249725
-0.450140
0.329171
