# Signal je Kanal
0.181917
-0.136046
-0.150681
-0.550929
-0.455855
-0.500028
-0.308079
-0.236462
-0.398762
-0.433528
0.128577
-0.658611
-0.617677
-0.417551
-0.522242
-0.141813
-0.369126
-0.155670
-0.367257
-0.296621
-0.475874
-0.419542
-0.553300
-0.457581
-0.438930
-0.397638
-0.323072
-0.355702
-0.370262
-0.192423
-0.403899
-0.321215
-0.440052
0.002049
-0.284226
-0.008724
-0.155624
-0.170449
-0.033439
-0.046001
-0.000575
-0.208222
0.043764
-0.051430
0.038051
-0.056856
0.077986
-0.105524
0.114025
-0.095070
-0.136497
0.197883
-0.191408
0.276607
0.046370
0.480407
-0.066891
0.381034
-0.056915
0.064647
0.101540
-0.039739
0.222658
0.073185
0.163540
0.142315
-0.011731
0.073107
-0.065613
0.021551
0.004286
-0.021125
0.097570
-0.016291
0.165781
-0.208571
0.089671
-0.129179
0.324385
0.131951
-0.048192
-0.031536
0.154304
0.013121
0.097543
-0.110789
0.067161
0.452074
0.333321
0.427309
4.341664
135.024684
6.610314
0.716993
0.567782
0.178204
0.300901
-0.159389
0.326076
-0.107661
0.167068
-0.159601
0.122932
-0.132942
0.009053
0.017012
-0.181575
0.011056
-0.114272
-0.010444
-0.231101
-0.055028
-0.181509
-0.439550
-0.070435
-0.195494
-0.128215
-0.192308
-0.160529
-0.286787
-0.080493
-0.260768
-0.261398
-0.217488
-0.329471
-0.229877
-0.454273
0.298907
