# Signal je Kanal
0.304436
-0.013887
-0.197483
-0.604630
-0.361698
-0.406024
-0.329887
-0.112414
-0.358613
-0.485226
0.115896
-0.642675
-0.521565
-0.377448
-0.334279
-0.118714
-0.349024
-0.397265
-0.464990
-0.049824
-0.469775
-0.400497
-0.448355
-0.535436
-0.354812
-0.507424
-0.367018
-0.304773
-0.484102
-0.233327
-0.406825
-0.361069
-0.382016
-0.125852
-0.263164
0.111242
-0.139420
-0.111478
-0.115370
-0.001958
0.073304
-0.061490
-0.038008
-0.068311
-0.095862
-0.000815
-0.046770
0.123369
0.207060
-0.143944
-0.075619
0.206978
-0.126591
0.228739
-0.090467
0.321670
-0.125888
0.382074
-0.029166
0.087732
-0.116272
0.014127
0.130686
-0.059687
0.213563
0.159390
-0.032771
0.121095
0.026464
-0.044301
-0.107670
-0.102082
0.062576
-0.051254
-0.012043
-0.145758
-0.075988
-0.384984
0.371361
0.043059
-0.059269
0.019300
0.268216
-0.021812
0.171670
-0.172681
0.066360
0.346288
0.286406
0.248537
4.318311
135.010238
6.620951
0.623564
0.614953
0.196349
0.411917
-0.255225
0.268271
-0.184412
0.150809
-0.199461
0.092054
-0.091094
0.108096
0.047856
-0.067571
-0.027829
-0.067432
-0.114171
-0.098479
0.011029
-0.210296
-0.344460
0.043525
-0.180373
-0.235246
-0.233214
-0.106546
-0.185627
-0.081443
-0.283706
-0.173230
-0.145332
-0.326315
-0.213858
-0.373233
0.407087
