# Signal je Kanal
0.244455
-0.046829
-0.235458
-0.488716
-0.284839
-0.490768
-0.285976
-0.226228
-0.247858
-0.437184
0.110841
-0.702521
-0.446704
-0.354405
-0.439217
-0.189596
-0.456813
-0.255411
-0.281220
-0.168708
-0.454634
-0.426350
-0.450291
-0.530350
-0.311946
-0.522365
-0.440945
-0.367655
-0.392071
-0.293143
-0.458799
-0.340916
-0.396103
-0.058924
-0.251141
-0.107288
-0.025556
-0.063427
-0.106430
-0.087667
-0.081380
-0.230163
-0.050890
-0.091276
-0.002818
-0.074716
0.104988
0.010501
0.102407
-0.030143
-0.268195
0.293912
-0.286272
0.228766
0.042440
0.364607
-0.170728
0.393167
-0.221751
0.124679
0.016592
-0.047653
0.009014
-0.042588
0.175638
0.206261
-0.100454
0.082061
-0.024457
0.060736
0.019191
-0.031111
0.061615
-0.002171
0.075965
-0.218636
0.077929
-0.213082
0.351531
0.113054
-0.187982
-0.070515
0.149299
-0.093736
0.200625
-0.064747
0.097335
0.466036
0.213668
0.412379
4.278549
134.812686
6.687809
0.678542
0.532053
0.342163
0.260124
-0.224159
0.234248
-0.202406
0.122961
-0.068498
0.113075
-0.103021
0.018153
0.037853
0.014227
0.057990
-0.078367
0.079563
-0.330006
0.071861
-0.141423
-0.152672
0.069574
-0.126569
-0.167319
-0.260154
-0.118680
-0.162543
-0.123356
-0.316589
-0.156369
-0.155357
-0.386204
-0.277899
-0.354253
0.227319
