# Signal je Kanal
-0.217506
-0.276116
-0.357640
-0.540158
-0.464168
-0.420420
-0.286354
-0.427511
-0.282242
-0.362746
-0.126246
-0.415260
-0.644015
-0.474815
-0.351746
-0.260925
-0.264422
-0.205759
-0.568374
-0.108295
-0.413254
-0.557734
-0.433874
-0.460839
-0.254441
-0.494714
-0.391277
-0.415052
-0.080885
-0.266594
-0.402176
-0.303508
-0.285558
-0.090228
-0.200661
0.120930
-0.052039
0.120781
-0.078735
0.124556
0.072984
-0.145785
0.058589
-0.184556
0.103578
0.087713
0.203551
0.097877
0.283594
0.046399
-0.119844
0.268419
0.011964
0.333281
0.139905
0.433273
0.073615
0.357685
0.174394
0.098260
0.097198
0.196551
0.249380
0.149818
0.398964
0.264819
0.158725
0.158647
0.141906
0.101113
0.167638
0.110314
0.237036
0.191088
0.189444
0.155549
0.156390
0.042271
0.582721
0.143576
0.127283
0.178778
0.167920
0.056815
0.210127
-0.008293
0.299695
0.349869
0.259152
0.136262
1.971320
101.616443
0.722370
-0.661514
0.357844
0.232747
0.326642
0.085098
-0.086684
0.245851
0.153449
0.089757
0.167587
0.114269
0.056737
0.197284
-0.012224
0.158536
0.206856
0.109114
0.125994
0.130381
0.158893
-0.000493
0.015012
-0.009015
0.141015
-0.204576
0.052851
-0.018320
0.073044
-0.166169
-0.147762
-0.048892
-0.279706
-0.211214
-0.322785
0.081083
