# Signal je Kanal
-0.219110
-0.265573
-0.206351
-0.537424
-0.413639
-0.375824
-0.263765
-0.398920
-0.235729
-0.475112
0.010189
-0.525603
-0.577509
-0.385413
-0.402155
-0.269292
-0.338822
-0.297297
-0.440003
-0.147626
-0.523487
-0.304409
-0.453264
-0.458277
-0.203876
-0.481228
-0.417711
-0.373543
-0.299021
-0.273023
-0.271743
-0.338857
-0.356941
-0.034820
-0.234913
0.043487
-0.007428
-0.056345
-0.078190
-0.067708
0.055639
-0.107078
0.073075
-0.013153
0.051296
0.088323
0.005237
0.112528
0.133333
0.002076
-0.128276
0.289035
-0.119281
0.201783
0.169488
0.229888
0.021240
0.351398
-0.004975
0.034960
0.293680
0.050350
0.177906
0.034464
0.218689
0.178421
-0.059400
0.266129
0.077642
0.162732
0.120135
0.084035
0.252595
0.045733
0.213132
-0.047504
0.310868
-0.073069
0.383659
-0.018699
0.093977
-0.078347
0.135504
-0.000567
0.290689
-0.112520
0.089552
0.354418
0.286732
0.315738
3.005934
113.605837
3.335465
-0.010551
0.390322
0.270397
0.326245
-0.010202
0.241512
-0.134169
0.422752
-0.011495
0.266950
0.059873
-0.001638
0.150866
-0.063639
0.046157
0.083593
0.049752
0.044611
0.072030
-0.090297
-0.156641
0.075621
-0.115358
-0.047154
-0.163112
0.024526
-0.201536
0.022650
-0.131757
-0.260110
-0.068367
-0.235117
-0.248709
-0.453013
-0.023341
