# Signal je Kanal
-0.302774
-0.233155
-0.291891
-0.639139
-0.441283
-0.494365
-0.361358
-0.303814
-0.342351
-0.592614
-0.101410
-0.560193
-0.560166
-0.403009
-0.495695
-0.217187
-0.484417
-0.323899
-0.355751
-0.118144
-0.465376
-0.395943
-0.405960
-0.503000
-0.419363
-0.531733
-0.356504
-0.253300
-0.343708
-0.253728
-0.435288
-0.352609
-0.395583
0.064411
-0.239805
-0.098949
-0.151111
0.000992
0.001074
-0.080374
0.059914
-0.014945
-0.102413
-0.098896
0.138331
-0.077299
0.080480
-0.017121
0.068747
-0.012634
-0.112970
0.284369
-0.074092
0.239170
0.110916
0.355037
-0.020486
0.446481
0.095261
0.110996
0.140919
0.126665
0.167213
0.056800
0.196935
0.208752
0.054660
0.140533
-0.098933
0.072991
0.181555
0.101207
0.185018
0.090213
0.172324
-0.000321
-0.002610
-0.057809
0.422776
0.188372
-0.005776
0.136707
0.217670
-0.031283
0.094087
-0.016304
-0.006132
0.452564
0.270114
0.457797
3.749414
120.366807
5.134879
0.295420
0.408713
0.273558
0.227622
-0.197708
0.191755
-0.279793
0.492987
-0.074177
0.116536
0.101184
-0.029150
0.257134
-0.009268
0.076446
0.128850
0.005047
0.009116
0.043296
-0.230816
-0.243285
0.089855
-0.167903
0.065010
-0.218823
-0.061142
-0.329063
-0.077964
-0.261330
-0.317618
-0.288850
-0.450652
-0.218443
-0.380849
0.032948
