# Signal je Kanal
-0.238111
-0.066516
-0.325756
-0.592048
-0.355277
-0.399381
-0.288324
-0.289843
-0.384129
-0.409868
0.052336
-0.585014
-0.521083
-0.435810
-0.508552
-0.209062
-0.485112
-0.318859
-0.403665
-0.062308
-0.550074
-0.290913
-0.510767
-0.423880
-0.386138
-0.572549
-0.431318
-0.353080
-0.267585
-0.275485
-0.287258
-0.381273
-0.330450
-0.029410
-0.252477
0.079968
-0.049887
-0.093783
-0.029705
-0.108994
-0.150728
-0.137401
-0.042438
-0.069557
0.061689
0.024874
-0.017187
-0.006798
0.228527
-0.114232
-0.070722
0.331409
-0.117720
0.221225
0.022194
0.259298
-0.060059
0.409791
-0.017385
0.036460
0.064417
0.095877
0.094550
0.109181
0.077331
0.146979
-0.042971
0.007959
-0.035585
0.110367
0.059899
-0.051329
0.136372
0.068420
0.188552
-0.058855
-0.053241
-0.151326
0.471124
0.076667
0.001635
-0.000954
0.034118
-0.187017
0.237310
-0.082111
0.064954
0.449696
0.186969
0.502239
4.201929
125.169625
6.491930
0.547803
0.509037
0.088909
0.325473
-0.225362
0.432080
-0.320798
0.381190
-0.041819
0.049972
-0.009414
-0.041069
-0.003216
-0.105069
-0.085190
0.061392
-0.037589
-0.090301
0.053569
-0.081588
-0.262640
0.080149
-0.153510
-0.038487
-0.210416
-0.149593
-0.178892
-0.123550
-0.312854
-0.261451
-0.167648
-0.354632
-0.354033
-0.469444
-0.085901
