# Signal je Kanal
-0.007063
-0.154398
-0.151148
-0.495291
-0.371306
-0.394512
-0.259727
-0.329739
-0.319381
-0.495818
0.115410
-0.619276
-0.611124
-0.344233
-0.397797
-0.115276
-0.410443
-0.298045
-0.394600
-0.208163
-0.385555
-0.303154
-0.411020
-0.470019
-0.301487
-0.504896
-0.340604
-0.322271
-0.331916
-0.308852
-0.334390
-0.292708
-0.471550
-0.131315
-0.193873
0.025857
-0.063060
-0.162044
-0.098975
-0.099373
-0.064138
-0.084970
0.032415
-0.114777
0.074395
-0.021372
-0.029531
-0.102972
0.167697
-0.035573
-0.121927
0.189473
-0.232905
0.169330
0.011825
0.278021
0.034427
0.295627
-0.109518
0.055183
0.169982
0.107617
0.040241
0.082773
0.140936
0.117895
-0.033310
0.107529
-0.009973
0.090052
0.027534
-0.099615
0.076100
0.143898
0.155402
-0.145221
-0.003591
-0.171708
0.313097
0.155228
-0.163399
-0.084261
0.048982
-0.075367
0.105122
-0.151273
-0.049076
0.357678
0.245002
0.365053
4.656874
128.649899
7.529321
0.963923
0.423583
0.249644
0.240528
-0.296797
0.256815
-0.282872
0.237205
-0.188050
0.052457
-0.109669
0.040579
-0.058718
-0.076318
-0.026516
-0.092940
0.073957
-0.161900
-0.088640
-0.354769
-0.311208
0.021967
-0.188023
-0.237752
-0.207843
-0.153109
-0.292221
-0.211922
-0.340239
-0.274882
-0.078085
-0.354869
-0.385320
-0.495867
0.030771
