# Signal je Kanal
-0.144430
-0.184887
-0.181478
-0.483820
-0.399810
-0.430966
-0.339914
-0.304388
-0.367739
-0.465367
0.060893
-0.672625
-0.599714
-0.404474
-0.520115
-0.193628
-0.420968
-0.252516
-0.397234
-0.226749
-0.491747
-0.465372
-0.407420
-0.530444
-0.268951
-0.565411
-0.456891
-0.368727
-0.232357
-0.232406
-0.335835
-0.301144
-0.401135
-0.128984
-0.321112
0.131293
-0.057602
-0.023727
-0.088453
-0.037996
0.037295
-0.088381
-0.095930
-0.107358
0.056999
-0.011814
-0.183831
0.006310
0.084186
-0.099058
-0.097513
0.196821
-0.238488
0.125720
0.063286
0.276565
-0.092779
0.414881
-0.060085
0.136551
0.047654
0.032201
0.113672
0.086230
0.063615
0.027371
-0.125674
0.068110
-0.117441
0.055565
-0.040792
0.003681
0.189401
-0.027195
0.105856
-0.268625
0.119672
-0.117273
0.356275
0.073008
-0.075291
0.077166
0.022299
-0.131747
0.024658
-0.100902
0.095122
0.385078
0.347314
0.474201
4.716229
131.143879
7.656694
0.976433
0.582814
0.210179
0.345901
-0.234381
0.330169
-0.273466
0.322689
-0.078764
0.029992
-0.155100
0.056107
0.054690
-0.034758
-0.081923
-0.095481
0.009636
-0.057414
-0.162022
-0.202580
-0.297728
-0.041501
-0.221457
-0.133481
-0.320138
-0.160590
-0.243761
-0.046629
-0.378698
-0.283302
-0.160303
-0.481192
-0.337904
-0.465346
0.084151
