# Signal je Kanal
-0.006830
-0.139646
-0.294959
-0.481424
-0.343280
-0.408433
-0.496404
-0.209853
-0.416969
-0.480924
0.183587
-0.721467
-0.535963
-0.547052
-0.461748
-0.189371
-0.378377
-0.376766
-0.261781
-0.107342
-0.591114
-0.426762
-0.518855
-0.488999
-0.374369
-0.433118
-0.441720
-0.324373
-0.494664
-0.334522
-0.392652
-0.352494
-0.460250
0.031506
-0.331489
-0.019437
-0.030082
-0.120926
-0.135533
-0.041511
-0.101787
-0.174758
0.001409
-0.045182
-0.016266
-0.093402
-0.079087
0.001747
0.258349
0.008354
-0.063821
0.330302
-0.147845
0.319007
-0.004036
0.230638
-0.136249
0.418858
-0.094974
0.101951
0.116301
0.094892
0.032464
0.118796
0.034874
0.228874
-0.081099
0.061616
0.061050
0.107333
-0.082278
-0.002061
0.158076
-0.096434
0.247434
-0.122174
0.106225
-0.164817
0.588551
-0.046417
0.136578
-0.175866
0.254554
-0.143124
0.145281
-0.075760
0.105167
0.426973
0.326578
0.604311
4.738960
132.671660
7.525398
0.937199
0.529871
0.249464
0.258108
-0.278328
0.325468
-0.201430
0.164736
-0.086954
0.035659
-0.137423
-0.007367
-0.083361
-0.182141
-0.068307
-0.052519
-0.044849
-0.256228
-0.137470
-0.199921
-0.308604
0.049083
-0.224737
-0.116206
-0.304413
-0.169053
-0.304092
-0.173636
-0.346806
-0.350472
-0.281814
-0.410276
-0.352130
-0.551782
0.094140
