# Signal je Kanal
-0.128095
-0.212679
-0.230436
-0.586787
-0.432728
-0.460908
-0.298986
-0.296140
-0.402704
-0.463320
0.202790
-0.573708
-0.603582
-0.381491
-0.487045
-0.259526
-0.412876
-0.232595
-0.375287
-0.173605
-0.476807
-0.336559
-0.509316
-0.508492
-0.360873
-0.471469
-0.410924
-0.328710
-0.271430
-0.158366
-0.400803
-0.330144
-0.463944
0.008923
-0.241222
0.041507
-0.148549
-0.014646
-0.003514
-0.056841
0.083425
-0.090316
0.019923
-0.062318
0.049876
-0.073692
0.035972
0.024557
0.279069
-0.036189
-0.202323
0.216857
-0.154427
0.172771
-0.007706
0.182742
-0.057935
0.409012
-0.100925
0.040718
0.134321
-0.013807
0.082832
-0.030757
0.248542
0.090388
-0.096663
0.059172
-0.138344
0.229297
0.027045
-0.083196
0.196420
0.063559
0.075758
-0.114740
0.093665
-0.143421
0.476252
0.080927
-0.045178
0.101284
0.161418
-0.074711
0.020768
-0.132852
0.071300
0.354137
0.182559
0.496102
4.529117
133.616806
7.175306
0.854255
0.494133
0.081294
0.382075
-0.225310
0.181368
-0.133469
0.194769
-0.138676
0.137963
-0.228968
0.022248
-0.055055
-0.088656
0.001033
-0.107405
-0.052450
-0.258111
-0.116928
-0.101497
-0.459561
-0.027454
-0.145486
-0.058514
-0.314130
-0.184480
-0.255604
0.007486
-0.368612
-0.289155
-0.112379
-0.453152
-0.343688
-0.541108
0.149501
