# Anzahl der Hits pro Kanal (0 bis 127)
3513.000000
4908.000000
5438.000000
5466.000000
5455.000000
5331.000000
5278.000000
5405.000000
5252.000000
5549.000000
5817.000000
5934.000000
6028.000000
6460.000000
6681.000000
6993.000000
7153.000000
7514.000000
7726.000000
8173.000000
8428.000000
8810.000000
9046.000000
9526.000000
9701.000000
10100.000000
10339.000000
10860.000000
11003.000000
11568.000000
11864.000000
12124.000000
12442.000000
12942.000000
13013.000000
13243.000000
13890.000000
14242.000000
14340.000000
14803.000000
15057.000000
15236.000000
15382.000000
15449.000000
16133.000000
16301.000000
16433.000000
16986.000000
16236.000000
17194.000000
17408.000000
17693.000000
17924.000000
17987.000000
18232.000000
18157.000000
18173.000000
18542.000000
17756.000000
18610.000000
18347.000000
18735.000000
18614.000000
18905.000000
17755.000000
18966.000000
18304.000000
18988.000000
18907.000000
18881.000000
18595.000000
18791.000000
19080.000000
18838.000000
18826.000000
18337.000000
18170.000000
18236.000000
18281.000000
18353.000000
17745.000000
17614.000000
17400.000000
16811.000000
16668.000000
16465.000000
15574.000000
16075.000000
15826.000000
16090.000000
15382.000000
15313.000000
14873.000000
14587.000000
13605.000000
13998.000000
13719.000000
13749.000000
12977.000000
12707.000000
12106.000000
11915.000000
11553.000000
11241.000000
11138.000000
10745.000000
9737.000000
10168.000000
9597.000000
9227.000000
8947.000000
8585.000000
8054.000000
7686.000000
7778.000000
7484.000000
7220.000000
6995.000000
6800.000000
6278.000000
6401.000000
6178.000000
6188.000000
6124.000000
5611.000000
6192.000000
6391.000000
5974.000000
