0
0
0
0
0
0
0
0
0
0
0
0
0
0
0
0
0
0
0
0
0
0
0
5023
0
0
0
0
0
0
0
0
0
0
0
0
0
0
0
0
0
0
0
0
0
0
5597
0
0
0
0
0
0
0
0
0
0
0
0
0
0
0
0
0
0
0
0
0
5384
0
0
0
0
0
0
0
0
0
0
0
0
0
0
0
0
0
0
0
0
0
5823
0
0
0
0
0
0
0
0
0
0
0
0
0
0
0
0
0
0
0
0
0
0
5576
0
0
0
0
0
0
0
0
0
0
0
0
0
0
0
0
0
0
0
0
0
6471
0
0
0
0
0
0
0
0
0
0
0
0
0
0
0
0
0
0
0
0
0
6224
0
0
0
0
0
0
0
0
0
0
0
0
0
0
0
0
0
0
0
0
0
0
5416
0
0
0
0
0
0
0
0
0
0
0
0
0
0
0
0
0
0
0
0
0
6823
0
0
0
0
0
0
0
0
0
0
0
0
0
0
0
0
0
0
0
0
0
6688
0
0
0
0
0
0
0
0
0
0
0
0
0
0
0
0
0
0
0
0
0
0
6512
0
0
0
0
0
0
0
0
0
0
0
0
0
0
0
0
0
0
0
0
0
6496
0
0
0
0
0
0
0
0
0
0
0
0
0
0
0
0
0
0
0
0
0
5719
0
0
0
0
0
0
0
0
0
0
0
0
0
0
0
0
0
0
0
0
0
0
7535
0
0
0
0
0
0
0
0
0
0
0
0
0
0
0
0
0
0
0
0
0
7321
0
0
0
0
0
0
0
0
0
0
0
0
0
0
0
0
0
0
0
0
0
0
6656
0
0
0
0
0
0
0
0
0
0
0
0
0
0
0
0
0
0
0
0
0
6302
0
0
0
0
0
0
0
0
0
0
0
0
0
0
0
0
0
0
0
0
0
5984
0
0
0
0
0
0
0
0
0
0
0
0
0
0
0
0
0
0
0
0
0
0
5629
0
0
0
0
0
0
0
0
0
0
0
0
0
0
0
0
0
4974
0
0
0
0
0
0
0
0
0
0
0
0
0
0
0
0
0
0
0
0
0
0
0
0
0
0
0
0
0
0
0
0
0
0
0
0
0
0
0
0
0
0
0
0
0
0
0
0
0
0
0
0
0
0
0
0
0
0
0
0
0
0
0
0
0
0
0
