$SPEC_ID:
No sample description was entered.
$SPEC_REM:
DET# 1
DETDESC# MYON MCB 337
AP# Maestro Version 6.06
$DATE_MEA:
07/04/2018 13:12:13
$MEAS_TIM:
85721 85722
$DATA:
0 511
       0
       0
       0
     118
      33
      44
      46
      32
      48
      33
      23
      45
      35
      32
      26
      35
      38
      38
      35
      33
      29
      24
      37
      33
      28
      26
      32
      39
      35
      45
      33
      22
      33
      26
      24
      20
      32
      34
      18
      35
      25
      34
      26
      32
      28
      24
      33
      26
      38
      30
      32
      23
      23
      27
      24
      31
      21
      21
      27
      18
      23
      24
      22
      20
      19
      13
      20
      19
      22
      17
      18
      17
      27
      16
      18
      20
      19
      15
      12
      13
      11
      24
      15
      17
      22
      16
      20
      18
      13
      15
      22
      17
       9
      14
      11
      14
      12
       7
      13
      13
      20
      16
      11
      13
       7
       9
      13
      16
      16
      17
      11
      10
      13
      10
      15
       9
      14
      16
      14
      10
       8
      13
      11
      10
      12
       5
      10
       8
      14
      15
       9
      16
      12
       4
      11
      13
       9
      13
      12
      13
       6
      14
      13
      10
       9
      13
       7
      10
       9
       8
      14
       7
      11
      10
      11
       3
       5
       7
       6
      13
       6
       8
       8
      11
       7
       8
       9
      10
       9
      10
       5
      11
       7
       6
       7
       6
       2
       9
      12
       6
       7
       6
       8
       7
       7
       7
       3
       4
       3
       4
       4
       4
       1
       6
      11
       3
       5
       4
       4
       4
       9
       6
       8
       5
       6
       7
       4
       8
       4
       7
       6
       4
       5
       4
       7
       7
       9
       5
       5
       3
       6
       6
       9
       3
       6
       2
       1
       4
       2
       5
       4
       6
       8
       8
       4
       3
       4
       4
       1
       4
       0
       3
       4
       2
       4
       4
       5
       3
       3
       4
       5
       5
       4
       1
       3
       5
       2
       4
       2
       4
       5
       2
       6
       3
       4
       2
       2
       6
       2
       2
       5
       4
       1
       2
       5
       0
       1
       1
       3
       5
       2
       3
       0
       2
       3
       1
       3
       1
       3
       3
       2
       3
       2
       2
       0
       3
       1
       1
       4
       1
       1
       4
       1
       3
       0
       3
       3
       1
       0
       3
       1
       4
       0
       4
       1
       2
       2
       4
       2
       0
       0
       2
       2
       2
       3
       2
       1
       2
       1
       2
       1
       2
       3
       0
       1
       1
       2
       4
       3
       3
       6
       2
       3
       2
       2
       3
       0
       1
       2
       3
       2
       1
       1
       2
       2
       1
       1
       1
       6
       0
       1
       1
       3
       1
       0
       0
       0
       3
       3
       0
       2
       0
       0
       1
       1
       1
       0
       1
       1
       2
       0
       1
       0
       1
       0
       1
       0
       2
       1
       2
       1
       0
       1
       2
       0
       3
       1
       0
       1
       1
       1
       1
       2
       1
       0
       2
       1
       1
       1
       2
       3
       2
       0
       2
       1
       1
       2
       0
       2
       0
       0
       1
       2
       0
       2
       2
       1
       1
       2
       0
       1
       0
       0
       1
       0
       2
       1
       0
       1
       1
       0
       1
       1
       3
       2
       2
       0
       2
       1
       0
       1
       1
       0
       3
       1
       0
       0
       0
       2
       0
       0
       1
       0
       1
       0
       0
       0
       0
       0
       0
       0
       0
       0
       0
       0
       0
       0
       0
       0
       0
       0
       0
       0
       0
       0
       0
       0
       0
       0
       0
       0
       0
       0
       0
       0
       0
       0
       0
       0
       0
       0
       0
       0
       0
       0
       0
       0
       0
       0
       0
       0
       0
$ROI:
0
$PRESETS:
None
0
0
$ENER_FIT:
-2.326062 0.088583
$MCA_CAL:
3
-2.326062E+000 8.858320E-002 -1.636990E-004 micr
$SHAPE_CAL:
3
0.000000E+000 0.000000E+000 0.000000E+000
