4.204687499999959499e-02
-1.317328125000000405e+00
1.307671874999999595e+00
-1.067328125000000405e+00
1.213921874999999595e+00
-2.470156250000004050e-01
3.936093749999995950e-01
-1.965765625000000405e+00
3.448296874999999595e+00
4.482968749999995950e-01
6.956109375000000483e+00
4.768609375000000483e+00
8.690484374999998707e+00
1.151421874999999595e+00
5.029843749999995950e-01
-4.825140624999999517e+00
-8.173281250000004050e-01
-4.497015624999999517e+00
1.065484374999999595e+00
-1.911078125000000405e+00
1.518609374999999595e+00
-1.543890625000000405e+00
-3.395453125000000405e+00
-7.606390624999999517e+00
1.088921874999999595e+00
-2.059515625000000405e+00
2.167046874999999595e+00
1.877984374999999595e+00
5.667046875000002260e+00
-3.407656250000004050e-01
1.479546874999999595e+00
-1.762640625000000405e+00
1.174859374999999595e+00
-1.739203125000000405e+00
2.417046874999999595e+00
-4.267031250000004050e-01
1.393609374999999595e+00
2.998593749999995950e-01
-9.501406250000004050e-01
-3.989203125000000405e+00
1.135796874999999595e+00
-1.473578125000000405e+00
5.237359375000002260e+00
3.026421874999999595e+00
5.432671875000002260e+00
2.167046874999999595e+00
8.936093749999995950e-01
-3.793890625000000405e+00
1.159234374999999595e+00
-1.950140625000000405e+00
2.182671874999999595e+00
-1.145453125000000405e+00
3.936093749999995950e-01
-6.532656250000004050e-01
-1.793890625000000405e+00
-5.356390624999997740e+00
1.292046874999999595e+00
-2.090765625000000405e+00
3.338921874999999595e+00
1.799859374999999595e+00
5.518609375000002260e+00
1.823296874999999595e+00
2.096734374999999595e+00
-1.137640625000000405e+00
8.701718749999995950e-01
-1.856390625000000405e+00
2.065484374999999595e+00
-1.598578125000000405e+00
2.292046874999999595e+00
-2.313906250000004050e-01
5.107968749999995950e-01
-2.043890625000000405e+00
2.698296874999999595e+00
1.948296874999999595e+00
4.401421875000000483e+00
3.034234374999999595e+00
5.924859375000000483e+00
2.901421874999999595e+00
-2.965765625000000405e+00
-3.418890625000000405e+00
1.221734374999999595e+00
3.311093749999995950e-01
2.495171874999999595e+00
1.151421874999999595e+00
3.627984374999999595e+00
4.229546875000000483e+00
5.967343749999995950e-01
-2.075140625000000405e+00
-3.407656250000004050e-01
2.607968749999995950e-01
2.479546874999999595e+00
3.354546874999999595e+00
-9.970156250000004050e-01
1.221734374999999595e+00
1.385796874999999595e+00
3.076718749999995950e-01
-2.934515625000000405e+00
-3.098578125000000405e+00
4.404843749999995950e-01
2.792046874999999595e+00
-3.407656250000004050e-01
3.362359374999999595e+00
3.963921874999999595e+00
3.690484374999999595e+00
4.873593749999995950e-01
-3.251406250000004050e-01
9.014218749999995950e-01
3.252984374999999595e+00
-1.767031250000004050e-01
7.217343749999995950e-01
-6.732812500000040501e-02
-6.376406250000004050e-01
-3.926703125000000405e+00
-3.598578125000000405e+00
-4.267031250000004050e-01
2.424859374999999595e+00
3.545468749999995950e-01
3.463921874999999595e+00
3.760796874999999595e+00
3.010796874999999595e+00
4.092343749999995950e-01
-2.045312500000040501e-02
2.495171874999999595e+00
3.534234374999999595e+00
-7.860781250000004050e-01
1.542046874999999595e+00
8.076718749999995950e-01
3.311093749999995950e-01
-2.051703125000000405e+00
-2.332953125000000405e+00
7.217343749999995950e-01
4.510796875000000483e+00
8.779843749999995950e-01
4.198296875000000483e+00
6.026421875000000483e+00
5.792046875000002260e+00
4.404843749999995950e-01
-2.059515625000000405e+00
9.326718749999995950e-01
4.776421875000000483e+00
2.061093749999995950e-01
1.393609374999999595e+00
2.451718749999995950e-01
2.612359374999999595e+00
-4.020453125000000405e+00
-8.567328125000001293e+00
-7.512640624999999517e+00
1.190484374999999595e+00
-3.559515625000000405e+00
1.581109374999999595e+00
9.951718749999995950e-01
3.565484374999999595e+00
-9.032656250000004050e-01
1.776421874999999595e+00
-2.418890625000000405e+00
1.792046874999999595e+00
-2.504828125000000405e+00
6.045468749999995950e-01
-1.403265625000000405e+00
1.901421874999999595e+00
-9.735781250000004050e-01
-1.543890625000000405e+00
-4.614203124999999517e+00
7.842343749999995950e-01
-1.606390625000000405e+00
2.635796874999999595e+00
2.721734374999999595e+00
4.698296875000000483e+00
1.315484374999999595e+00
5.498593749999995950e-01
-1.676703125000000405e+00
5.420468749999995950e-01
-2.778265625000000405e+00
1.963921874999999595e+00
-2.411078125000000405e+00
1.065484374999999595e+00
-1.864203125000000405e+00
-2.301703125000000405e+00
-4.942328124999997740e+00
1.479546874999999595e+00
-2.403265625000000405e+00
2.120171874999999595e+00
1.815484374999999595e+00
4.917046875000002260e+00
1.190484374999999595e+00
4.170468749999995950e-01
-5.126406250000004050e-01
1.088921874999999595e+00
-3.653265625000000405e+00
2.401421874999999595e+00
-8.251406250000004050e-01
2.362359374999999595e+00
8.779843749999995950e-01
1.357968749999995950e-01
-4.418890624999999517e+00
2.479546874999999595e+00
-9.032656250000004050e-01
6.198296875000000483e+00
6.081109375000000483e+00
6.479546875000000483e+00
2.432671874999999595e+00
1.401421874999999595e+00
-3.098578125000000405e+00
-1.590765625000000405e+00
-2.332953125000000405e+00
1.667046874999999595e+00
-1.942328125000000405e+00
9.951718749999995950e-01
-2.286078125000000405e+00
-3.403265625000000405e+00
-6.059515624999999517e+00
2.417046874999999595e+00
-2.239203125000000405e+00
2.010796874999999595e+00
1.948296874999999595e+00
4.651421875000000483e+00
2.607968749999995950e-01
1.971734374999999595e+00
-2.379828125000000405e+00
2.159234374999999595e+00
-3.075140625000000405e+00
7.329687499999959499e-02
-1.895453125000000405e+00
2.151421874999999595e+00
-2.470156250000004050e-01
-1.325140625000000405e+00
-3.559515625000000405e+00
1.627984374999999595e+00
-4.389062500000040501e-02
5.143609375000002260e+00
2.612359374999999595e+00
6.143609375000000483e+00
1.487359374999999595e+00
1.315484374999999595e+00
-3.481390625000000405e+00
8.545468749999995950e-01
-3.762640625000000405e+00
1.901421874999999595e+00
-2.137640625000000405e+00
2.198296874999999595e+00
-1.895453125000000405e+00
-1.090765625000000405e+00
-5.293890624999997740e+00
1.331109374999999595e+00
-8.251406250000004050e-01
3.182671874999999595e+00
1.643609374999999595e+00
5.354546875000002260e+00
7.764218749999995950e-01
3.393609374999999595e+00
-8.017031250000004050e-01
1.659234374999999595e+00
-1.911078125000000405e+00
1.487359374999999595e+00
-3.485781250000004050e-01
1.604546874999999595e+00
-6.298281250000004050e-01
1.123593749999995950e-01
-3.403265625000000405e+00
4.159234374999998707e+00
4.561093749999995950e-01
4.784234375000000483e+00
2.854546874999999595e+00
5.159234375000002260e+00
1.760796874999999595e+00
-1.950140625000000405e+00
-4.489203124999999517e+00
1.674859374999999595e+00
7.373593749999995950e-01
2.651421874999999595e+00
1.659234374999999595e+00
3.448296874999999595e+00
5.190484375000002260e+00
-2.826562500000040501e-02
-3.114203125000000405e+00
-1.903265625000000405e+00
1.292046874999999595e+00
1.995171874999999595e+00
2.588921874999999595e+00
-6.454531250000004050e-01
1.424859374999999595e+00
7.061093749999995950e-01
8.779843749999995950e-01
-2.817328125000000405e+00
-2.450140625000000405e+00
-4.389062500000040501e-02
3.604546874999999595e+00
6.201718749999995950e-01
3.081109374999999595e+00
3.979546874999999595e+00
3.331109374999999595e+00
1.932671874999999595e+00
-7.514062500000040501e-02
2.174859374999999595e+00
3.276421874999999595e+00
-1.220156250000004050e-01
1.245171874999999595e+00
2.120171874999999595e+00
1.206109374999999595e+00
-1.879828125000000405e+00
-3.739203125000000405e+00
6.548437499999959499e-02
2.237359374999999595e+00
-2.392031250000004050e-01
2.354546874999999595e+00
4.182671875000000483e+00
2.292046874999999595e+00
-2.001406250000004050e-01
2.139218749999995950e-01
2.588921874999999595e+00
4.596734375000000483e+00
2.217343749999995950e-01
2.581109374999999595e+00
1.588921874999999595e+00
9.717343749999995950e-01
-2.450140625000000405e+00
-2.356390625000000405e+00
2.612359374999999595e+00
4.057671874999998707e+00
1.948296874999999595e+00
5.510796875000000483e+00
5.479546875000002260e+00
6.745171875000000483e+00
2.642187499999959499e-02
-1.481390625000000405e+00
2.002984374999999595e+00
5.346734375000002260e+00
1.010796874999999595e+00
9.170468749999995950e-01
2.842343749999995950e-01
2.354546874999999595e+00
-5.223578124999997740e+00
-8.239203124999999517e+00
-7.786078124999999517e+00
-2.045312500000040501e-02
-2.739203125000000405e+00
1.799859374999999595e+00
1.924859374999999595e+00
2.245171874999999595e+00
2.139218749999995950e-01
7.607968749999995950e-01
-1.504828125000000405e+00
3.936093749999995950e-01
-3.332953125000000405e+00
2.120171874999999595e+00
-3.563906250000004050e-01
1.432671874999999595e+00
-8.485781250000004050e-01
-1.895453125000000405e+00
-4.668890624999999517e+00
7.607968749999995950e-01
-2.145453125000000405e+00
3.151421874999999595e+00
3.018609374999999595e+00
4.924859375000002260e+00
7.686093749999995950e-01
5.767187499999959499e-02
-3.567328125000000405e+00
2.686093749999995950e-01
-3.036078125000000405e+00
1.674859374999999595e+00
-1.184515625000000405e+00
5.732968749999995950e-01
-1.879828125000000405e+00
-2.051703125000000405e+00
-6.348578124999999517e+00
9.170468749999995950e-01
-2.207953125000000405e+00
2.721734374999999595e+00
1.456109374999999595e+00
4.284234374999998707e+00
-7.392031250000004050e-01
-2.235781250000004050e-01
-8.329531250000004050e-01
1.940484374999999595e+00
-3.293890625000000405e+00
1.284234374999999595e+00
-4.267031250000004050e-01
1.174859374999999595e+00
-1.532656250000004050e-01
2.373593749999995950e-01
-5.403265624999997740e+00
2.510796874999999595e+00
4.204687499999959499e-02
4.768609375000002260e+00
5.252984375000002260e+00
7.260796875000000483e+00
2.799859374999999595e+00
1.846734374999999595e+00
-4.528265624999999517e+00
-7.704531250000004050e-01
-3.895453125000000405e+00
2.346734374999999595e+00
-5.673281250000004050e-01
2.213921874999999595e+00
-1.684515625000000405e+00
-3.036078125000000405e+00
-5.895453124999999517e+00
1.081109374999999595e+00
-1.489203125000000405e+00
3.495171874999999595e+00
1.627984374999999595e+00
3.854546874999999595e+00
-6.220156250000004050e-01
5.498593749999995950e-01
-1.731390625000000405e+00
-4.828125000000405009e-03
-2.067328125000000405e+00
3.127984374999999595e+00
-1.145453125000000405e+00
2.642187499999959499e-02
-2.782656250000004050e-01
7.529843749999995950e-01
-4.731390624999999517e+00
1.792046874999999595e+00
1.079687499999959499e-02
4.167046874999998707e+00
3.667046874999999595e+00
5.245171875000002260e+00
6.748593749999995950e-01
8.936093749999995950e-01
-3.817328125000000405e+00
-3.173281250000004050e-01
-2.551703125000000405e+00
1.924859374999999595e+00
-1.325140625000000405e+00
1.542046874999999595e+00
-1.254828125000000405e+00
-1.051703125000000405e+00
-6.082953124999999517e+00
5.576718749999995950e-01
-1.731390625000000405e+00
3.034234374999999595e+00
2.393609374999999595e+00
5.252984375000002260e+00
7.607968749999995950e-01
2.674859374999999595e+00
-1.387640625000000405e+00
1.471734374999999595e+00
-2.036078125000000405e+00
8.779843749999995950e-01
-1.778265625000000405e+00
1.042046874999999595e+00
-3.563906250000004050e-01
4.170468749999995950e-01
-3.075140625000000405e+00
3.885796874999999595e+00
1.440484374999999595e+00
5.182671875000002260e+00
4.151421874999998707e+00
5.581109375000002260e+00
2.448296874999999595e+00
-1.450140625000000405e+00
-2.051703125000000405e+00
2.002984374999999595e+00
-1.036078125000000405e+00
2.698296874999999595e+00
-2.045312500000040501e-02
2.627984374999999595e+00
4.362359375000000483e+00
-1.845156250000004050e-01
-2.747015625000000405e+00
-5.170312500000040501e-02
3.423437499999959499e-02
1.987359374999999595e+00
3.409234374999999595e+00
-6.732812500000040501e-02
8.857968749999995950e-01
1.737359374999999595e+00
3.467343749999995950e-01
-2.176703125000000405e+00
-3.325140625000000405e+00
8.936093749999995950e-01
2.713921874999999595e+00
3.389218749999995950e-01
2.432671874999999595e+00
4.549859375000000483e+00
4.815484375000000483e+00
2.331109374999999595e+00
-6.142031250000004050e-01
2.495171874999999595e+00
3.534234374999999595e+00
5.264218749999995950e-01
5.498593749999995950e-01
9.951718749999995950e-01
2.998593749999995950e-01
-3.661078125000000405e+00
-3.590765625000000405e+00
6.201718749999995950e-01
2.706109374999999595e+00
-6.732812500000040501e-02
3.549859374999999595e+00
4.510796875000000483e+00
2.377984374999999595e+00
-7.704531250000004050e-01
1.514218749999995950e-01
1.948296874999999595e+00
3.854546874999999595e+00
-5.951562500000040501e-02
2.510796874999999595e+00
-2.786078125000000405e+00
-2.325140625000000405e+00
6.357968749999995950e-01
1.581109374999999595e+00
-1.809515625000000405e+00
-5.126406250000004050e-01
-3.563906250000004050e-01
1.201718749999995950e-01
-2.887640625000000405e+00
-3.934515625000000405e+00
1.456109374999999595e+00
1.651421874999999595e+00
1.588921874999999595e+00
3.776421874999999595e+00
5.292046875000002260e+00
5.534234375000002260e+00
-8.720156250000004050e-01
-2.926703125000000405e+00
1.495171874999999595e+00
1.627984374999999595e+00
-4.267031250000004050e-01
3.857968749999995950e-01
8.110937499999959499e-02
1.870171874999999595e+00
-5.629828124999997740e+00
-8.950140625000001293e+00
-7.895453124999999517e+00
2.139218749999995950e-01
-3.598578125000000405e+00
1.667046874999999595e+00
-3.485781250000004050e-01
2.706109374999999595e+00
-2.364203125000000405e+00
-9.857812500000040501e-02
-2.293890625000000405e+00
-1.661078125000000405e+00
-3.661078125000000405e+00
1.081109374999999595e+00
-1.676703125000000405e+00
-2.548281250000004050e-01
-2.395453125000000405e+00
-1.559515625000000405e+00
-4.325140624999999517e+00
1.424859374999999595e+00
-1.028265625000000405e+00
3.385796874999999595e+00
1.799859374999999595e+00
4.760796875000000483e+00
-2.313906250000004050e-01
-1.559515625000000405e+00
-3.372015625000000405e+00
-2.004828125000000405e+00
-3.926703125000000405e+00
1.159234374999999595e+00
-2.372015625000000405e+00
-4.501406250000004050e-01
-2.418890625000000405e+00
-2.840765625000000405e+00
-6.481390624999999517e+00
-1.192328125000000405e+00
-1.598578125000000405e+00
2.167046874999999595e+00
8.779843749999995950e-01
3.315484374999999595e+00
-9.657656250000004050e-01
-9.657656250000004050e-01
-2.918890625000000405e+00
3.423437499999959499e-02
-3.223578125000000405e+00
8.779843749999995950e-01
-1.020453125000000405e+00
8.311093749999995950e-01
-1.176703125000000405e+00
-2.036078125000000405e+00
-3.129828125000000405e+00
1.182671874999999595e+00
9.248593749999995950e-01
5.760796875000002260e+00
3.635796874999999595e+00
5.752984375000002260e+00
1.002984374999999595e+00
-1.454531250000004050e-01
-3.395453125000000405e+00
-3.114203125000000405e+00
-4.239203125000001293e+00
1.315484374999999595e+00
-2.926703125000000405e+00
2.642187499999959499e-02
-2.997015625000000405e+00
-4.973578124999999517e+00
-7.707953124999999517e+00
-3.642031250000004050e-01
-2.379828125000000405e+00
2.276421874999999595e+00
1.893609374999999595e+00
3.604546874999999595e+00
-7.938906250000004050e-01
-4.501406250000004050e-01
-3.122015625000000405e+00
-4.970156250000004050e-01
-4.254828124999999517e+00
1.448296874999999595e+00
-2.403265625000000405e+00
-6.767031250000004050e-01
-7.313906250000004050e-01
-2.426703125000000405e+00
-3.872015625000000405e+00
1.596734374999999595e+00
-9.110781250000004050e-01
3.807671874999999595e+00
2.768609374999999595e+00
5.237359375000002260e+00
-4.389062500000040501e-02
1.018609374999999595e+00
-2.997015625000000405e+00
-2.067328125000000405e+00
-2.442328125000000405e+00
1.799859374999999595e+00
-3.090765625000000405e+00
-3.485781250000004050e-01
-3.559515625000000405e+00
-3.637640625000000405e+00
-5.887640624999997740e+00
-1.028265625000000405e+00
-2.973578125000000405e+00
1.643609374999999595e+00
7.607968749999995950e-01
1.627984374999999595e+00
-7.782656250000004050e-01
-1.059515625000000405e+00
-1.926703125000000405e+00
-2.090765625000000405e+00
-4.239203124999999517e+00
-4.267031250000004050e-01
-2.653265625000000405e+00
2.295468749999995950e-01
-1.567328125000000405e+00
-1.450140625000000405e+00
-1.629828125000000405e+00
3.604546874999999595e+00
2.377984374999999595e+00
5.424859375000002260e+00
2.784234374999999595e+00
6.206109375000000483e+00
9.561093749999995950e-01
-1.247015625000000405e+00
-3.254828125000000405e+00
-1.309515625000000405e+00
-3.954531250000004050e-01
2.471734374999999595e+00
-6.142031250000004050e-01
2.284234374999999595e+00
3.667046874999999595e+00
-1.567328125000000405e+00
-5.497015624999997740e+00
-3.106390625000000405e+00
-1.739203125000000405e+00
1.401421874999999595e+00
-3.954531250000004050e-01
-9.076562500000040501e-02
2.998593749999995950e-01
1.323296874999999595e+00
-2.223578125000000405e+00
-4.575140624999999517e+00
-4.676703124999999517e+00
-5.170312500000040501e-02
6.279843749999995950e-01
1.432671874999999595e+00
1.268609374999999595e+00
3.956109374999999595e+00
2.792046874999999595e+00
-7.938906250000004050e-01
-9.423281250000004050e-01
1.627984374999999595e+00
-3.017031250000004050e-01
-1.504828125000000405e+00
-3.329531250000004050e-01
2.842343749999995950e-01
-9.423281250000004050e-01
-5.067328124999999517e+00
-5.832953124999997740e+00
-4.110781250000004050e-01
9.673437499999959499e-02
-1.923281250000004050e-01
2.377984374999999595e+00
3.073296874999999595e+00
3.389218749999995950e-01
-2.754828125000000405e+00
-1.840765625000000405e+00
1.752984374999999595e+00
8.311093749999995950e-01
-2.114203125000000405e+00
4.092343749999995950e-01
-1.610781250000004050e-01
-1.028265625000000405e+00
-2.582953125000000405e+00
-4.965765624999999517e+00
1.417046874999999595e+00
2.143609374999999595e+00
2.292046874999999595e+00
2.745171874999999595e+00
4.096734374999998707e+00
5.057671875000000483e+00
-1.426703125000000405e+00
-2.278265625000000405e+00
1.643609374999999595e+00
2.604546874999999595e+00
6.904843749999995950e-01
-4.345156250000004050e-01
1.377984374999999595e+00
1.346734374999999595e+00
-6.512640624999999517e+00
-9.247015624999997740e+00
-7.926703125000001293e+00
-1.845156250000004050e-01
-3.450140625000000405e+00
5.420468749999995950e-01
-4.110781250000004050e-01
2.245171874999999595e+00
-2.653265625000000405e+00
-4.970156250000004050e-01
-1.661078125000000405e+00
-1.426703125000000405e+00
-2.723578125000000405e+00
1.182671874999999595e+00
-1.192328125000000405e+00
-1.376406250000004050e-01
-1.801703125000000405e+00
-5.829531250000004050e-01
-3.793890625000000405e+00
5.654843749999995950e-01
-1.614203125000000405e+00
1.792046874999999595e+00
2.346734374999999595e+00
4.518609375000000483e+00
-2.157656250000004050e-01
4.873593749999995950e-01
-3.707953125000000405e+00
-1.895453125000000405e+00
-3.403265625000000405e+00
9.951718749999995950e-01
-2.653265625000000405e+00
5.420468749999995950e-01
-1.387640625000000405e+00
-3.872015625000000405e+00
-5.981390624999997740e+00
1.904843749999995950e-01
-4.301703124999999517e+00
8.311093749999995950e-01
-5.170312500000040501e-02
2.377984374999999595e+00
-6.688906250000004050e-01
-6.845156250000004050e-01
-2.387640625000000405e+00
-1.918890625000000405e+00
-3.356390625000000405e+00
2.373593749999995950e-01
-2.668890625000000405e+00
6.826718749999995950e-01
-2.075140625000000405e+00
-1.207953125000000405e+00
-3.215765625000000405e+00
1.846734374999999595e+00
2.998593749999995950e-01
5.409234375000002260e+00
5.721734375000002260e+00
5.127984375000002260e+00
2.409234374999999595e+00
1.260796874999999595e+00
-3.856390625000000405e+00
-3.997015625000000405e+00
-4.567328124999999517e+00
1.565484374999999595e+00
-2.684515625000000405e+00
-3.720156250000004050e-01
-4.340765624999999517e+00
-3.801703125000000405e+00
-8.137640625000001293e+00
-6.688906250000004050e-01
-1.832953125000000405e+00
3.432671874999999595e+00
9.639218749999995950e-01
2.854546874999999595e+00
-2.392031250000004050e-01
-5.360781250000004050e-01
-2.043890625000000405e+00
-6.845156250000004050e-01
-2.747015625000000405e+00
4.326718749999995950e-01
-1.348578125000000405e+00
6.357968749999995950e-01
-1.192328125000000405e+00
-2.481390625000000405e+00
-3.465765625000000405e+00
4.985937499999959499e-02
4.092343749999995950e-01
3.471734374999999595e+00
1.940484374999999595e+00
6.159234375000000483e+00
4.482968749999995950e-01
1.748593749999995950e-01
-2.809515625000000405e+00
-1.770453125000000405e+00
-3.965765625000000405e+00
6.592343749999995950e-01
-1.223578125000000405e+00
-6.767031250000004050e-01
-1.739203125000000405e+00
-4.262640625000001293e+00
-6.817328124999999517e+00
-9.813906250000004050e-01
-1.372015625000000405e+00
2.807671874999999595e+00
1.120171874999999595e+00
2.792046874999999595e+00
-8.485781250000004050e-01
5.264218749999995950e-01
-1.661078125000000405e+00
-1.028265625000000405e+00
-3.262640625000000405e+00
9.717343749999995950e-01
-2.707953125000000405e+00
1.123593749999995950e-01
-2.782656250000004050e-01
-2.786078125000000405e+00
-2.676703125000000405e+00
3.237359374999999595e+00
3.213921874999999595e+00
5.065484375000002260e+00
3.620171874999999595e+00
4.917046875000000483e+00
2.198296874999999595e+00
-7.938906250000004050e-01
-3.239203125000000405e+00
-6.923281250000004050e-01
-2.512640625000000405e+00
2.338921874999999595e+00
-8.173281250000004050e-01
2.948296874999999595e+00
2.729546874999999595e+00
-1.122015625000000405e+00
-4.606390624999999517e+00
-8.954531250000004050e-01
-1.153265625000000405e+00
1.542046874999999595e+00
6.436093749999995950e-01
-1.153265625000000405e+00
-1.379828125000000405e+00
6.670468749999995950e-01
-1.004828125000000405e+00
-4.356390624999999517e+00
-4.911078124999999517e+00
3.779843749999995950e-01
8.623593749999995950e-01
2.061093749999995950e-01
1.502984374999999595e+00
5.721734375000000483e+00
2.674859374999999595e+00
1.357968749999995950e-01
-3.067328125000000405e+00
4.795468749999995950e-01
-2.001406250000004050e-01
-8.876406250000004050e-01
-3.876406250000004050e-01
5.186093749999995950e-01
-1.950140625000000405e+00
-5.356390624999997740e+00
-6.270453124999999517e+00
6.201718749999995950e-01
-9.076562500000040501e-02
-1.688906250000004050e-01
1.479546874999999595e+00
1.924859374999999595e+00
-6.688906250000004050e-01
-1.254828125000000405e+00
-1.348578125000000405e+00
2.135796874999999595e+00
2.686093749999995950e-01
-1.176703125000000405e+00
-4.970156250000004050e-01
5.498593749999995950e-01
3.857968749999995950e-01
-3.379828125000000405e+00
-3.590765625000000405e+00
7.451718749999995950e-01
2.182671874999999595e+00
1.284234374999999595e+00
3.409234374999999595e+00
5.612359375000002260e+00
4.909234375000000483e+00
1.279843749999995950e-01
-2.137640625000000405e+00
1.643609374999999595e+00
4.120171874999998707e+00
7.451718749999995950e-01
1.982968749999995950e-01
7.686093749999995950e-01
1.393609374999999595e+00
-5.864203124999999517e+00
-9.489203124999997740e+00
-8.082953125000001293e+00
-1.767031250000004050e-01
-2.582953125000000405e+00
1.432671874999999595e+00
3.389218749999995950e-01
3.377984374999999595e+00
-3.481390625000000405e+00
5.420468749999995950e-01
-2.661078125000000405e+00
-1.465765625000000405e+00
-3.450140625000000405e+00
7.920468749999995950e-01
-1.661078125000000405e+00
8.076718749999995950e-01
-3.207953125000000405e+00
-1.309515625000000405e+00
-3.590765625000000405e+00
-6.732812500000040501e-02
-4.345156250000004050e-01
4.088921874999998707e+00
1.885796874999999595e+00
4.081109374999998707e+00
3.423437499999959499e-02
-4.735781250000004050e-01
-3.207953125000000405e+00
-2.168890625000000405e+00
-3.059515625000000405e+00
1.034234374999999595e+00
-1.965765625000000405e+00
-5.282656250000004050e-01
-3.223578125000000405e+00
-4.286078124999999517e+00
-5.879828124999997740e+00
-1.340765625000000405e+00
-2.426703125000000405e+00
3.174859374999999595e+00
6.982968749999995950e-01
3.331109374999999595e+00
-1.426703125000000405e+00
-9.110781250000004050e-01
-2.114203125000000405e+00
-7.514062500000040501e-02
-3.965765625000000405e+00
-9.076562500000040501e-02
-2.543890625000000405e+00
1.904843749999995950e-01
-1.192328125000000405e+00
-2.457953125000000405e+00
-3.536078125000000405e+00
2.034234374999999595e+00
-6.298281250000004050e-01
4.776421875000000483e+00
4.229546875000000483e+00
5.995171875000002260e+00
1.456109374999999595e+00
3.857968749999995950e-01
-4.192328125000001293e+00
-3.778265625000000405e+00
-3.715765625000000405e+00
7.061093749999995950e-01
-2.848578125000000405e+00
5.342343749999995950e-01
-2.411078125000000405e+00
-4.723578124999999517e+00
-6.981390624999999517e+00
-2.157656250000004050e-01
-2.012640625000000405e+00
1.120171874999999595e+00
1.045468749999995950e-01
2.440484374999999595e+00
-1.309515625000000405e+00
-1.020453125000000405e+00
-3.895453125000000405e+00
-1.845156250000004050e-01
-3.606390625000000405e+00
3.936093749999995950e-01
-1.645453125000000405e+00
9.951718749999995950e-01
-9.657656250000004050e-01
-9.970156250000004050e-01
-3.442328125000000405e+00
4.482968749999995950e-01
-7.938906250000004050e-01
2.924859374999999595e+00
3.315484374999999595e+00
4.784234375000000483e+00
7.920468749999995950e-01
6.904843749999995950e-01
-3.012640625000000405e+00
-1.192328125000000405e+00
-4.567328124999999517e+00
1.198296874999999595e+00
-3.286078125000000405e+00
-4.032656250000004050e-01
-2.676703125000000405e+00
-2.059515625000000405e+00
-5.731390624999997740e+00
-2.470156250000004050e-01
-2.575140625000000405e+00
2.073296874999999595e+00
