5.148559999999999945e+02
5.112060000000000173e+02
5.107970000000000255e+02
5.160979999999999563e+02
5.101270000000000095e+02
5.112909999999999968e+02
5.112830000000000155e+02
5.116519999999999868e+02
5.120760000000000218e+02
5.106259999999999764e+02
5.094510000000000218e+02
5.129669999999999845e+02
5.119920000000000186e+02
5.118229999999999791e+02
5.125259999999999536e+02
5.109950000000000045e+02
5.112679999999999723e+02
5.107590000000000146e+02
5.115260000000000105e+02
5.110570000000000164e+02
5.131420000000000528e+02
5.098229999999999791e+02
5.117049999999999841e+02
5.097930000000000064e+02
5.112069999999999936e+02
5.107610000000000241e+02
5.082959999999999923e+02
5.090620000000000118e+02
5.095459999999999923e+02
5.096190000000000282e+02
5.091250000000000000e+02
5.084409999999999741e+02
5.103539999999999850e+02
5.092710000000000150e+02
5.105280000000000200e+02
5.088910000000000196e+02
5.098860000000000241e+02
5.108779999999999859e+02
5.097309999999999945e+02
5.082239999999999895e+02
5.098929999999999723e+02
5.126730000000000018e+02
5.093469999999999800e+02
5.076399999999999864e+02
5.063070000000000164e+02
5.080930000000000177e+02
5.082740000000000009e+02
5.088700000000000045e+02
5.071870000000000118e+02
5.094100000000000250e+02
5.137780000000000200e+02
5.084610000000000127e+02
5.097830000000000155e+02
5.096129999999999995e+02
5.089519999999999982e+02
5.067250000000000227e+02
5.081949999999999932e+02
5.072889999999999873e+02
5.083249999999999886e+02
5.106569999999999823e+02
5.077570000000000050e+02
5.081630000000000109e+02
5.085439999999999827e+02
5.080559999999999832e+02
5.057509999999999764e+02
5.050090000000000146e+02
5.060550000000000068e+02
5.062180000000000177e+02
5.088369999999999891e+02
5.057579999999999814e+02
5.071490000000000009e+02
5.065049999999999955e+02
5.057749999999999773e+02
5.066549999999999727e+02
5.054830000000000041e+02
5.070369999999999777e+02
5.074940000000000282e+02
5.085079999999999814e+02
5.059710000000000036e+02
5.063629999999999995e+02
5.064920000000000186e+02
5.059619999999999891e+02
5.050169999999999959e+02
5.060919999999999845e+02
5.057110000000000127e+02
5.071410000000000196e+02
5.070230000000000246e+02
5.071840000000000259e+02
5.098729999999999905e+02
5.059789999999999850e+02
5.050009999999999764e+02
5.069159999999999968e+02
5.094680000000000177e+02
5.088430000000000177e+02
5.073159999999999741e+02
5.051490000000000009e+02
5.072830000000000155e+02
5.076080000000000041e+02
5.090470000000000255e+02
5.087459999999999809e+02
5.065149999999999864e+02
5.099440000000000168e+02
5.093190000000000168e+02
5.104340000000000259e+02
5.071659999999999968e+02
5.064859999999999900e+02
5.110049999999999955e+02
5.072669999999999959e+02
5.087730000000000246e+02
5.097169999999999845e+02
5.085989999999999895e+02
5.093840000000000146e+02
5.097169999999999845e+02
5.100040000000000191e+02
5.098530000000000086e+02
5.117789999999999964e+02
5.106659999999999968e+02
5.125389999999999873e+02
5.108860000000000241e+02
5.110020000000000095e+02
5.117529999999999859e+02
5.110249999999999773e+02
5.115989999999999895e+02
5.106739999999999782e+02
5.116070000000000277e+02
5.101460000000000150e+02
5.096039999999999850e+02
5.090849999999999795e+02
