1D 255 -512,000000 260608,000000	[nbin xmin xmax]
"X"	"Function_0"
0,000000	2,873225
1024,000000	4,084424
2048,000000	7,856328
3072,000000	10,576406
4096,000000	14,685625
5120,000000	17,918047
6144,000000	21,230000
7168,000000	24,484922
8192,000000	28,160000
9216,000000	31,022500
10240,000000	34,722500
11264,000000	38,287969
12288,000000	41,516563
13312,000000	44,746875
14336,000000	47,953281
15360,000000	51,480469
16384,000000	54,186563
17408,000000	57,224219
18432,000000	60,790703
19456,000000	63,732969
20480,000000	67,268750
21504,000000	70,518047
22528,000000	73,514219
23552,000000	76,840937
24576,000000	79,591797
25600,000000	82,822500
26624,000000	85,707891
27648,000000	88,806250
28672,000000	91,580313
29696,000000	94,544297
30720,000000	97,796641
31744,000000	100,240391
32768,000000	103,614844
33792,000000	106,629688
34816,000000	109,293125
35840,000000	112,016484
36864,000000	114,920781
37888,000000	117,699297
38912,000000	120,237578
39936,000000	123,038281
40960,000000	125,762031
41984,000000	128,217969
43008,000000	130,737813
44032,000000	133,304375
45056,000000	135,548047
46080,000000	138,510781
47104,000000	140,769609
48128,000000	143,250469
49152,000000	146,236328
50176,000000	148,239687
51200,000000	150,656875
52224,000000	153,021641
53248,000000	155,005547
54272,000000	157,118047
55296,000000	159,480703
56320,000000	161,775859
57344,000000	163,688594
58368,000000	165,685781
59392,000000	167,978750
60416,000000	169,700703
61440,000000	171,918750
62464,000000	174,079062
63488,000000	176,083750
64512,000000	178,118750
65536,000000	180,641641
66560,000000	182,212813
67584,000000	184,133984
68608,000000	186,078047
69632,000000	187,796328
70656,000000	189,574062
71680,000000	191,268828
72704,000000	193,209922
73728,000000	194,716797
74752,000000	196,227109
75776,000000	197,997109
76800,000000	199,262031
77824,000000	200,964453
78848,000000	202,363984
79872,000000	203,802500
80896,000000	205,579609
81920,000000	206,924375
82944,000000	208,288516
83968,000000	210,018047
84992,000000	211,351875
86016,000000	212,969063
87040,000000	214,251953
88064,000000	215,343672
89088,000000	216,697812
90112,000000	217,974531
91136,000000	219,042891
92160,000000	220,330547
93184,000000	221,578047
94208,000000	222,564531
95232,000000	223,759609
96256,000000	224,949844
97280,000000	226,014141
98304,000000	227,080391
99328,000000	228,174219
100352,000000	229,228438
101376,000000	230,147734
102400,000000	231,069063
103424,000000	231,988984
104448,000000	232,985312
105472,000000	233,910391
106496,000000	234,784219
107520,000000	235,617344
108544,000000	236,560547
109568,000000	237,508828
110592,000000	238,300703
111616,000000	239,374766
112640,000000	240,447500
113664,000000	241,295625
114688,000000	242,024219
115712,000000	242,807344
116736,000000	243,586484
117760,000000	244,051406
118784,000000	244,963203
119808,000000	245,525000
120832,000000	246,182578
121856,000000	246,582656
122880,000000	247,228203
123904,000000	247,801953
124928,000000	248,438125
125952,000000	249,078750
126976,000000	249,451562
128000,000000	250,002344
129024,000000	250,590000
130048,000000	250,917109
131072,000000	251,386406
132096,000000	251,872109
133120,000000	252,353828
134144,000000	252,725234
135168,000000	253,248828
136192,000000	253,792188
137216,000000	254,113906
138240,000000	254,662734
139264,000000	254,945312
140288,000000	255,335938
141312,000000	255,746484
142336,000000	256,125937
143360,000000	256,439766
144384,000000	256,844375
145408,000000	257,102031
146432,000000	257,349297
147456,000000	257,706641
148480,000000	257,955781
149504,000000	258,165469
150528,000000	258,332578
151552,000000	258,721797
152576,000000	259,209531
153600,000000	259,350000
154624,000000	259,722578
155648,000000	260,148672
156672,000000	260,283125
157696,000000	260,667188
158720,000000	260,858359
159744,000000	261,152578
160768,000000	261,327109
161792,000000	261,557734
162816,000000	261,758906
163840,000000	262,110078
164864,000000	262,328125
165888,000000	262,546562
166912,000000	262,663750
167936,000000	263,004922
168960,000000	263,051250
169984,000000	263,256562
171008,000000	263,350000
172032,000000	263,536250
173056,000000	263,592734
174080,000000	263,725234
175104,000000	263,954063
176128,000000	264,066875
177152,000000	264,265938
178176,000000	264,304453
179200,000000	264,468516
180224,000000	264,683438
181248,000000	264,900156
182272,000000	265,108047
183296,000000	265,338516
184320,000000	265,538516
185344,000000	265,807969
186368,000000	265,924609
187392,000000	266,122344
188416,000000	266,260781
189440,000000	266,448828
190464,000000	266,436875
191488,000000	266,632812
192512,000000	266,742578
193536,000000	266,901719
194560,000000	266,908203
195584,000000	266,967344
196608,000000	267,145000
197632,000000	267,207109
198656,000000	267,168906
199680,000000	267,295000
200704,000000	267,394062
201728,000000	267,367813
202752,000000	267,540313
203776,000000	267,469766
204800,000000	267,628359
205824,000000	267,596719
206848,000000	267,726875
207872,000000	267,725859
208896,000000	267,685781
209920,000000	267,790547
210944,000000	267,829219
211968,000000	268,003125
212992,000000	267,905703
214016,000000	268,024531
215040,000000	268,019609
216064,000000	268,045703
217088,000000	268,112422
218112,000000	268,267656
219136,000000	268,313281
220160,000000	268,340156
221184,000000	268,357500
222208,000000	268,386953
223232,000000	268,358047
224256,000000	268,412734
225280,000000	268,477187
226304,000000	268,611953
227328,000000	268,540781
228352,000000	268,591094
229376,000000	268,638281
230400,000000	268,575703
231424,000000	268,623828
232448,000000	268,704766
233472,000000	268,699922
234496,000000	268,741172
235520,000000	268,708125
236544,000000	268,630469
237568,000000	268,846172
238592,000000	268,819688
239616,000000	268,871328
240640,000000	268,984297
241664,000000	268,823516
242688,000000	268,889922
243712,000000	268,995703
244736,000000	268,914531
245760,000000	268,967969
246784,000000	268,961641
247808,000000	269,030938
248832,000000	268,998437
249856,000000	269,112656
250880,000000	269,129844
251904,000000	269,016562
252928,000000	269,280938
253952,000000	269,216953
254976,000000	269,124141
256000,000000	269,154297
257024,000000	269,193594
258048,000000	269,217109
259072,000000	269,248125
260096,000000	269,197031
