Je Cluster eine Zeile mit ADC Einträgen aller Kanäle mit Signal 
11.024640625
14.912640625
11.529078125
11.227828125
15.630015625
12.394390625
15.323703125
14.584953125
10.665078125
65.1781574803
10.237640625
10.759015625
12.539453125
15.677203125
13.581203125
12.142640625
11.843890625
13.652203125
10.738140625
10.937890625
13.196265625
13.685390625
12.790703125
11.207890625
11.596203125
11.392453125
13.761265625
10.410890625
13.114390625
11.525890625
12.403140625
11.861203125
18.049765625
10.366765625
27.8032913386
10.455515625
12.389390625
11.090203125
13.214140625
12.730828125
10.839703125
10.472015625
11.096640625
13.511265625
10.228578125
10.590578125
16.323328125
16.349328125
11.582390625
18.1748818898
16.143203125
12.979640625
18.3891181102
13.823703125
11.571640625
11.276453125
11.427578125
16.699578125
39.8988503937
16.049890625
11.331203125
10.721640625
13.745640625
11.275265625
17.057078125
25.1211496063
16.473453125
11.402078125
20.979078125	20.894078125
18.243078125
10.823578125
14.865515625
13.322328125
14.883078125
18.4163937008
34.0391968504
11.010265625
12.129265625
15.291203125
21.6432913386
13.518703125
11.652078125
11.098890625
11.055890625
11.365765625
11.140515625
10.666203125
12.535765625
12.954078125
15.128765625
14.310578125
18.0116692913
18.317640625
13.076515625
15.318390625
18.1151653543
11.291953125
13.143328125
11.815328125
10.743390625
13.420640625
10.948765625
26.9294015748
14.439328125
15.821515625
11.174765625
13.267890625
13.368828125
12.760828125
11.535328125
13.064078125
11.927828125
11.703640625
11.715453125
12.178953125
10.505578125
13.548703125
10.890203125
11.114015625
10.495640625
12.029078125
15.184328125
28.536519685
15.736890625
15.047390625
9.998390625
10.493828125
46.4628818898
19.6265354331
11.959328125
11.146328125
12.145390625
34.8751023622
15.237453125
15.771203125
15.137265625
12.123265625
13.386453125
14.950953125
11.521078125
11.191765625
20.6197952756
13.903078125
12.783703125
12.280328125
22.6984094488
11.674140625
10.670203125
16.728578125
73.1234173228
14.486203125
12.753640625
13.835078125
10.9902283465
22.4592283465
20.4048661417
12.717140625
13.444890625
10.714578125
17.770265625
20.4311968504
10.969265625
29.2975905512
15.145953125
11.090578125
30.8144409449
13.137703125
13.770265625
12.867078125
13.285890625
12.625390625
10.655828125
10.793828125
68.4984724409
17.140488189
13.831078125
15.942015625
10.524515625
10.128265625
10.971640625
10.760828125
14.779390625
16.799765625
12.572328125
21.2052440945
14.107765625
10.663640625
11.528140625
10.551515625
22.5101889764
10.379265625
16.553078125
12.248765625
16.469265625
11.849015625
10.550640625
13.597015625
13.841078125
11.221265625
12.745265625
11.058765625
10.868203125
12.285890625
74.3845826772
11.654015625
10.589328125
11.693890625
15.936578125
10.894078125
10.549765625
12.629640625
12.198328125
38.5514488189
12.380578125
17.068390625
11.279390625
11.450765625
11.631140625
11.785765625
20.7851496063
10.778328125
11.230328125
12.832203125
12.441203125
16.2582204724
11.436265625
23.6516692913
13.238640625
15.260203125
18.0581574803
18.0047401575
36.9307244094
10.816765625
13.625953125
31.5679527559
11.230078125
20.5967401575
31.7365826772
10.482140625
13.551140625
15.005765625
21.1526456693
14.886890625
11.070203125
12.057578125
12.894328125
16.420953125
14.213078125
12.210515625
11.307703125
19.1560472441
12.472515625
12.042078125
11.992328125
12.189515625	10.916515625
12.141953125
19.414890625	17.565890625
11.971328125
24.1449606299
17.572453125
19.3567401575
14.148015625
18.5020629921
15.846015625
10.946578125
26.768519685
10.589390625
10.858390625
13.650078125
13.112328125
20.5535905512
11.095390625
19.2013385827
13.568078125
11.440953125
17.573953125
11.156078125
12.337578125
16.786828125
17.3953543307
16.477078125
11.673140625
11.404640625
15.161703125
62.6749133858
14.506578125
12.143890625
17.404015625
18.160890625
18.1494330709
12.482703125
10.791640625
22.1641102362
11.739640625
12.646078125
16.325453125
11.465453125
34.7333070866
22.7238582677
14.319078125
11.627265625
11.007265625
14.614015625
13.904015625
26.1625354331
13.497828125
22.4519212598
12.258078125
18.2160787402
15.229265625
12.037203125
23.7704094488
14.989203125
10.739015625
16.860578125
13.975828125
23.9339370079
10.469953125
11.990578125
10.744578125
14.863828125
21.0607401575
10.907890625
11.349328125
10.572765625
46.5863464567
12.492078125
18.0960787402
11.215828125
11.929265625
13.209265625
25.1427559055
13.395640625
12.574390625
10.887265625
12.656078125
25.380488189
10.638890625
11.692265625
14.052953125
12.668703125
18.972992126
10.323765625
32.1446456693
48.7359527559
11.167140625
14.964703125
11.870078125
11.723203125
10.842078125
14.674765625
13.728953125
18.7509448819
11.235453125
11.045265625
12.388140625
18.9732440945
11.645953125
11.156078125
12.222203125
11.903765625
11.529015625
11.023015625
16.730328125
10.610578125
13.305953125
11.399765625
16.401453125
10.830515625
11.644890625
14.234640625
11.915890625
18.864015748
14.800140625
11.723015625
15.215828125
11.143640625
14.218640625
12.1725433071
35.9315433071
10.658390625
11.294953125
23.8201102362
10.996828125
12.209953125
12.325328125
18.229453125
11.480328125
13.872640625
18.9951023622
11.097390625
23.1745669291
10.522203125
12.706015625
16.628765625
13.511328125
11.883640625
10.877265625
23.7123937008
11.550703125
10.798078125
18.6551338583
13.324578125
11.006078125
16.5506299213
11.563453125
12.761203125
11.851453125
14.787496063
34.349496063
10.560496063
13.114640625
10.700890625
14.322828125
10.870953125
11.3281181102	20.2131181102
14.256578125
15.631390625
10.946390625
11.193390625
16.701890625
29.1276377953
11.411828125
13.964015625
10.611203125
10.879265625
11.474453125
26.1381574803
22.0431653543
19.1867244094
11.230203125
11.057953125
12.288890625
73.3331811024
18.458828125
17.8310708661
13.065515625
12.789578125
19.5573070866
32.916488189
11.092890625
61.7527086614
11.046453125
11.512328125
70.8854330709
12.286953125
10.786828125
13.139765625
13.385390625
14.690390625
10.540140625
13.105828125
13.282578125
10.627140625
19.395984252
10.651515625
26.2688031496
14.738015625
21.9880472441
21.1326141732
15.308953125
12.503640625
10.878765625
13.385890625
10.996828125
12.529640625
16.759015625
11.006890625
10.854453125
14.596765625
11.845765625
11.042265625
14.486828125
11.301140625
17.5940944882
10.760203125
11.345703125
12.572703125
12.582640625
13.150953125
11.912828125
12.965390625
10.932703125
11.709703125
13.025890625
20.2865669291
17.567265625
14.417453125
20.9451496063
10.808140625
11.057703125
14.674953125
10.775703125
13.154828125
11.162015625
12.011078125
17.507640625
10.498078125
15.473503937
22.814503937
12.585078125
11.700015625
14.319390625
12.443703125
29.0991653543
13.723640625
15.521203125
24.2361102362
12.040328125
15.461328125
22.2817165354
12.712140625
27.970976378
12.365765625
12.034078125
10.964203125
10.702203125
10.312765625
11.585765625
10.856203125
10.526265625
15.847515625
10.653140625
11.096828125
51.8412755906
11.819078125
10.931953125
10.7064488189
69.7434488189
17.300140625
12.057765625
10.769390625
12.200765625
10.941765625
19.5610866142
10.816140625
21.3520787402
11.331390625
12.798515625
16.590828125
11.488140625
15.437328125
11.791953125
12.957890625
12.269890625
17.603390625
12.513953125
11.189890625
11.377578125
11.379640625
14.576515625
21.8227559055
26.7018740157
12.331640625
10.918765625
10.986203125
10.901140625
11.837765625
12.550390625
15.436265625
14.599890625
76.9876692913
13.182765625
10.417703125
11.224703125
26.1753858268
11.099890625
13.057265625
11.034203125
22.5552913386
10.765515625
25.4759212598
13.510640625
10.654015625
16.341078125
19.9717952756
25.5606456693
14.283828125
10.597265625
26.2251496063
81.0773070866
17.064640625
11.637453125
14.629265625
11.327265625
11.8094409449
22.0494409449	33.7024409449
14.986890625
12.833765625
13.115078125
11.750515625
11.736640625
13.469265625
11.915265625
10.423078125
11.623765625
31.7338740157
11.177453125
12.300328125
27.7890551181
12.372078125
14.620640625
12.775828125
24.1049606299
11.148703125
16.808203125
13.264015625
28.6413385827
13.877890625
10.316140625
11.222140625
14.050328125
11.970328125
13.172390625
11.538203125
24.5673228346
13.3193228346
11.996453125
33.9552913386
42.9715433071
15.494015625
16.566140625
10.457578125
17.148703125
11.563578125
12.942390625
10.696953125
15.962140625
10.869640625
10.861890625
16.443140625
11.108140625
12.723203125
12.083890625
14.716640625
12.604828125
13.535890625
10.153140625
13.801640625
13.489640625
18.9386614173
47.1956062992
17.7719212598
11.312078125
11.668828125
17.6791968504
22.469496063
21.6899685039
10.894390625
11.698140625
13.075453125
12.378265625
44.3559212598
12.222515625
10.473390625
17.351140625
49.0432283465
11.135765625
10.557765625
14.192765625
13.668953125
11.641140625
10.666453125
18.476453125
17.2128661417
13.415390625
11.871953125
11.325765625
10.175265625
11.275265625
12.537328125
11.481203125
17.107140625
11.636578125
12.075890625
26.0097165354
14.072890625
19.814328125
13.364515625
67.0858740157
16.2578740157
11.637453125
21.6179685039
11.772203125
12.038890625
10.283640625
10.806328125
13.536828125
12.175640625
11.597203125
11.363015625
19.1781574803
11.470328125
15.428953125
11.327203125
11.614640625
63.9255590551
10.827703125
12.940953125
14.622765625
12.402265625
16.838828125
12.413640625
10.512578125
17.642203125
12.013453125
10.782890625
40.9311653543
11.554953125
11.756578125
22.3556692913
13.415703125
10.646328125
15.472515625
12.590828125
12.945140625
11.598515625
20.128519685
12.212140625
12.508828125
11.389390625
28.1789133858
23.7869133858
14.090203125
15.457953125
10.918703125
11.702578125
10.740515625
12.581515625
44.3186299213
20.961023622
11.845390625
10.378515625
10.995890625
14.634453125
18.106328125
22.4071968504
32.515480315
13.349328125
13.120265625
11.849828125
12.909703125
11.576265625
10.936640625
10.253640625
18.924890625
10.825890625
13.057578125
21.3952913386
15.285703125
14.965453125
10.808453125
12.645515625
18.0778110236
12.398015625
30.5205826772
11.728203125
13.965828125
16.170203125
13.208015625
27.247007874
13.958140625
31.0298110236
18.213078125
16.278078125
14.841265625
23.4462519685
14.350140625
11.429140625
11.2541653543	34.9071653543
16.182890625
18.220765625
11.435265625
11.861515625
18.332390625
10.769078125
17.4544409449
10.883328125
12.687078125
11.128078125
13.457203125
14.436265625
15.771578125
20.5060944882
12.582390625
31.7811811024
15.901703125
13.898953125
22.907984252
15.808765625
11.514640625
13.066203125
11.208703125
10.931515625
10.876078125
16.708828125
11.723765625
11.443703125
14.112453125
18.614640625
11.963640625
27.0844251969
27.3281417323
11.233515625
13.806515625
13.793578125
12.878640625
15.382265625
13.983515625
16.123390625
9.987640625
16.826265625
11.989703125
11.427515625
12.591578125
14.507703125
23.0982204724
18.021703125
12.814515625
15.513453125
15.736515625
10.2267086614
17.6967086614
12.188703125
11.779390625
13.421015625
31.8403937008
14.1123937008
11.033265625
11.351828125
25.4722677165
17.9375905512
35.4069448819
13.446640625
12.514390625
17.962515625
10.822703125
10.658828125
16.414578125
22.5488031496
10.369703125
24.6752913386
16.129515625
16.236828125
15.214640625
19.6031653543
10.332203125
11.396328125
11.581390625
17.758328125
11.852453125
21.9817480315
10.232765625
29.2274173228
34.2707559055
15.446640625
11.819328125
11.740453125
12.766953125
15.410015625
11.659453125
11.034265625
14.544765625
18.9818740157
12.180515625
29.6795748031
14.279140625
12.822140625
14.829203125
13.468578125
19.7109448819
10.630578125
44.7794173228
14.410953125
13.372765625
22.3290866142
11.162453125
11.4278661417
20.3008661417
18.026703125
14.771390625
11.123578125
14.583703125
11.106703125
38.0082677165
19.0519212598
16.754453125
16.543515625
10.136265625
10.983140625
15.795890625
11.925140625
14.881828125
14.488890625
16.795140625
10.464390625
11.035015625
12.918328125
13.195578125
10.740265625
12.604140625
10.791890625
22.8068188976
14.945203125
10.355203125
13.631203125
18.7268818898
12.728578125
16.905390625
10.941578125
16.021828125
14.709515625
18.0430393701
11.513390625
10.887640625
10.777890625
10.820828125
13.403078125
12.374078125
15.745953125
13.167890625
10.924953125
13.482265625
15.122078125
11.462578125
11.300328125
11.403203125
10.816953125
12.175078125
12.540640625
56.0507874016
18.8237874016
89.3480472441
17.880453125
17.080578125
16.019453125
16.388265625
13.426578125
15.860328125
11.866765625
10.944765625
14.578390625
12.471265625
13.138390625
10.748390625
13.529515625
11.622765625
16.286265625
13.950328125
21.3593858268
11.646765625
11.631953125
26.2344724409
11.213953125
18.6718267717
17.5414330709
11.299390625
10.531640625
13.588203125
11.261203125
11.212578125
11.846578125
11.837515625
11.196515625
12.638390625
17.7095590551
23.073023622
25.1723622047
37.3939685039
11.051515625
10.738140625
11.397015625
11.114828125
10.603390625
11.340015625
11.520140625
10.942203125
17.082390625
11.377453125
18.9338740157
24.6795748031
12.256203125
10.393078125
10.622328125
10.814140625
38.5814330709
13.590953125
12.102765625
14.888890625
14.742765625
10.541078125
11.459078125
15.419640625
10.973453125
12.203015625
11.611390625
13.877578125
11.477078125
20.6492125984
12.918328125
10.975328125
11.745203125
21.0761732283
71.4450551181
11.044765625
11.107765625
29.4446141732
10.584203125
12.216703125
13.275578125
10.895265625
12.956328125
12.921328125
11.025265625
11.931703125
15.799765625
12.763390625
10.378640625
10.253453125
14.380578125
14.104578125
14.027703125
14.370640625
12.605015625
28.2969606299
10.761453125
14.432078125
11.088890625
17.4821574803
16.114015625
13.712765625
10.982765625
10.653265625
17.138265625
12.219765625
10.933140625
33.1039527559
10.581203125
12.988015625
17.2628188976
16.391828125
11.013890625
12.471265625
14.783765625
17.968640625
10.908640625
14.110578125
12.979640625
10.501640625
10.356203125
14.027265625
28.5773385827
12.845765625
11.246953125
10.626640625
16.9380944882
11.822578125
12.200203125
16.826203125
48.1669448819
11.9009448819
21.9033858268
10.620265625
12.181703125
11.134015625
11.075328125
16.011265625
10.877890625
17.469953125
11.296703125
12.485703125
12.009953125
12.378765625
11.940078125
12.803828125
16.638078125
10.771203125
20.9245511811
60.6093888889
47.6783888889
14.140890625
12.535890625
58.0586614173
13.005015625
11.581890625
12.559453125
12.990078125
12.739828125
38.170976378
10.986640625
15.424890625
10.596265625
11.762265625
11.602765625
50.7098740157
14.482140625
27.3103149606
13.638140625
20.8197322835
22.8652125984
19.6747874016
12.317765625
13.520390625
33.7981889764
18.099453125
11.162390625
11.794640625
12.690578125
28.664015748
10.815453125
12.264703125
11.885703125
10.775265625
11.786828125
13.428453125
16.821390625
31.6897165354
11.595328125
19.583703125
11.824390625
26.6638267717
10.356265625
13.192828125
12.579765625
11.573328125
34.6899685039
15.458453125
11.053765625
15.661390625
34.8831023622
12.012515625
10.800515625
10.549390625
13.192953125
15.978953125
11.084328125
11.810390625
19.6434173228
10.7274173228
14.956890625
11.543140625
12.247828125
10.620265625
14.696953125
12.257953125
12.598640625
12.025453125
17.029015625
14.364640625
11.220015625
33.9719212598
18.128828125
10.646203125
17.715578125
11.049578125
14.051640625
11.500515625
13.973015625
10.641140625
18.354578125
10.650578125
12.244765625
10.424140625
15.766140625
13.749828125
12.703515625
13.123765625
10.376640625
10.991640625
12.342078125
14.992453125
10.536828125
12.735265625
16.294765625
56.0753543307
10.337140625
13.109890625
20.9302204724
17.2711968504
13.353578125
15.617578125
12.402265625
17.149265625
20.9101889764
13.076453125
34.9287086614
12.486515625
18.4290551181
10.752515625
14.957203125
41.2592913386
25.9119527559
12.138765625
36.6265984252
11.556328125
11.111953125
11.890078125
54.9101889764
16.9694645669
12.181953125
22.0911653543
13.208828125
18.9006771654
11.4236771654
12.863203125
11.174390625
10.659140625
16.908765625
10.542328125
11.129078125
10.949078125
20.4302519685
10.621265625
14.674265625
30.5290551181	51.1730551181
19.0339055118
11.282265625
21.220992126
10.909703125
15.030265625
10.395265625
11.892265625
23.5011111111
22.7671111111
11.687328125
26.7503149606
10.882390625
11.841703125
11.309703125
27.1408661417
11.207890625
11.496015625
11.079390625
16.312078125
13.550515625
18.086453125
11.855390625
16.943007874
15.793953125
12.433140625
12.608390625
11.297828125
12.224515625
10.207765625
12.138078125
11.139015625
10.982140625
11.084078125
11.416515625
11.850640625
11.379265625
38.5560472441
10.384015625
14.661828125
13.656078125
12.551640625
23.2491496063
19.486503937
13.207390625
11.301640625
11.353515625
16.681515625
10.474015625
12.402953125
20.2633228346
13.067953125
10.3419606299
51.0569606299
23.9902519685
13.153328125
10.645515625
17.049765625
15.473015625
13.429265625
10.490265625
15.450890625
13.622078125
11.558140625
20.4586614173
11.505765625
12.111953125
12.343328125
10.512453125
13.455640625
11.621640625
15.792515625
78.614
16.1240472441
26.7816850394
11.035015625
11.147578125
13.023953125
13.306828125
11.503265625
10.995265625
15.507703125
21.8041102362
10.344953125
11.869453125
36.1867244094
10.6544488189
41.5674488189
14.277078125
11.4370551181
54.1570551181
11.525078125
14.575078125
11.442640625
12.994640625
14.285765625	15.122765625
27.8691811024
11.020496063
68.013496063
49.7478582677
11.095390625
12.251578125
18.232640625
10.779140625
13.783078125
30.3599527559
26.032519685
12.455265625
13.187765625
15.816765625
14.136453125
12.554515625
26.460488189
10.189140625
10.669640625
19.203480315
10.947578125
14.016703125
14.596140625
15.476140625
11.353578125
10.570578125
11.409328125
12.391953125
16.360703125
10.878640625
12.459953125
12.695703125
19.0519212598
11.208828125
13.106578125
17.712015625
12.143015625
41.6743464567
12.646515625
14.591515625
13.932578125
10.700015625
10.729140625
15.799265625
12.098203125
13.857640625
11.520140625
21.2848031496
11.800515625
20.2739685039
15.004765625
17.3048346457
10.430078125
11.583765625
15.733765625
11.371453125
45.0208031496
11.754828125
10.568453125
10.822703125
12.013703125
17.4228188976
11.425515625
26.5986929134
10.6656929134
10.993203125
11.240953125
10.917328125
18.610453125
12.245453125
11.145953125
16.567953125
18.7389133858
25.5247401575
11.298890625
13.708703125
12.002578125
11.971578125
10.951515625
13.529640625
15.734640625
22.751511811
13.945578125
14.734203125
10.814078125
15.078515625
13.239390625
10.563578125
16.534140625
10.488453125
11.482703125
17.403765625
16.793328125
40.0405826772
16.138140625
11.403703125
13.432765625
13.735453125
11.879515625
12.093015625
10.569390625
13.830140625
30.1082992126
10.800390625
11.324953125
42.1407401575
14.421765625
12.211453125
18.6444251969
12.669328125
12.217828125
12.986390625
12.447890625
13.236828125
11.430703125
11.000515625
10.960515625
11.588890625
13.101140625
11.518703125
16.596640625
10.838890625
15.939890625
11.134765625
17.141140625
22.6868818898
11.1038818898
24.7536535433
11.499578125
11.317515625
10.456203125
15.127390625
10.587140625
11.932703125
11.700890625
10.862828125
10.667140625
19.6676692913
14.144078125
11.4633149606
18.2703149606
12.727828125
10.648828125
12.666328125
10.784515625
10.597515625
11.310828125
10.646203125
14.855828125
10.917078125
13.608953125
11.282578125
12.728703125
11.508390625
15.376203125
12.752140625
10.244203125
11.221015625
12.201015625
19.8306299213
18.0124251969
19.6208031496
18.2535590551
19.2664724409
11.425515625
16.417078125
10.540140625
13.042890625
13.253265625
19.4597952756
13.752515625
10.458703125
10.744890625
12.490515625
12.869453125
19.661140625
26.5499370079
16.594578125
11.471015625
17.051765625
19.3026929134
23.0261574803
11.502140625
21.5620944882
26.5689606299
19.2517952756
10.629703125
12.402203125
10.347203125
15.754265625
13.230828125
12.762515625
14.904390625
12.4938740157
24.3418740157
13.000390625
23.9274488189
10.388953125
11.589203125
11.106390625
20.2417165354
21.9709133858
10.433140625
17.577140625
17.583015625
16.150828125
11.227765625
12.003828125
11.172140625
10.393140625
14.259015625
15.588765625
12.147703125
12.636328125
11.956953125
11.362078125
11.149765625
10.991765625
10.638765625
10.404015625
14.479953125
10.620203125
16.693078125
11.785765625
25.0274173228
15.2604173228
12.685265625
11.965828125
11.277515625
22.3651181102
32.3121417323
11.782890625
19.051984252
11.700890625
15.434390625
11.071953125
21.6921732283
13.642765625
14.646078125
13.126078125
17.0455590551
12.805265625
13.044703125
28.0116062992
57.9353858268
16.161828125
20.0441732283
12.989953125
12.909765625
11.595390625
11.282203125
12.689140625
30.4941889764
11.198328125
11.125953125
11.014390625
46.8191653543
11.241265625
12.082578125
17.395515625
41.1337480315
12.270765625
13.641953125
10.536953125
11.9071968504
45.7031968504
19.1311653543
13.548203125
12.998765625
10.504765625
11.569078125
11.720015625
13.118390625
12.693078125
62.8950708661
13.277890625
38.1993858268
11.934203125
11.908203125
11.306015625
15.605015625
15.759015625
11.944453125
10.595390625
11.097203125
10.826265625
16.767265625
15.079453125
11.363640625
21.1013385827
43.6093385827
56.0016535433
15.651328125
12.293703125
11.459953125
15.918515625
15.735390625
12.587953125
13.685890625
14.873578125
11.035078125
11.846765625
14.687765625
10.746453125
15.693640625
11.305953125
11.586515625
12.645640625
21.7991338583
10.910515625
14.343015625
11.340953125
27.9476062992
12.504765625
26.8453700787
10.435265625
13.443390625
16.167265625
13.720390625
11.745640625
13.583453125
10.665703125
10.347203125
10.810640625
32.9089291339
15.554578125
11.286015625
11.334515625
11.300515625
11.8196456693
20.6406456693
10.354015625
87.4676062992
11.514390625
10.525078125
11.378078125
11.004078125
12.103390625
16.535890625
18.035328125
11.507265625
13.221015625
11.384015625
18.301140625
13.151515625
17.246828125
16.447140625
11.013390625
11.447703125
18.068992126
13.903140625
31.5097480315
12.511640625
10.740328125
12.003453125
12.066328125
10.750953125
13.240953125
13.057140625
41.0237637795
11.096765625
12.817390625
17.190953125
35.5142834646
13.160078125
16.950953125
16.258976378
16.579328125
15.862203125
15.035953125
66.349496063
10.864953125
12.694890625
23.2708188976
13.643140625
10.873328125
25.8760472441
11.141140625
20.3778425197
13.459015625
12.753515625
22.4982204724
11.952265625
11.078390625
41.754976378
10.898328125
12.680890625
69.535007874
16.051328125
10.795640625
11.066765625
11.131578125
16.795203125
11.229828125
11.123390625
12.297703125
11.809390625
10.586828125
33.2468188976
12.244453125
10.996890625
27.4468818898
12.039578125
12.729453125
27.5514488189
11.035953125
12.088328125
24.3399212598
39.2572755906
14.083140625
10.595390625
15.013390625
28.2028503937
14.244765625
17.301703125
20.7991338583
12.043703125
11.036953125
10.568203125
13.432078125
11.091828125
11.841828125
10.198765625
17.1518897638
13.072578125
19.589140625
12.728703125
15.410703125
14.545140625
34.3143464567
48.6394488189
10.668328125
13.530390625
16.818890625
10.760265625
11.137328125
44.5274488189
16.472203125
19.6419055118
11.722453125
11.3748267717
83.7038267717
11.084328125
11.868515625
11.531515625
25.9917007874
12.2447007874
24.0569606299
15.700953125
19.080140625
13.897578125
27.3197637795
10.450078125
24.2594173228
11.260890625
10.8601102362
21.9801102362
19.7917007874
15.7947007874
13.469953125
13.891511811
22.183511811
20.8855590551
14.737328125
15.264390625
11.377390625
19.0841102362
16.189890625
15.918515625
52.170976378
12.997328125
11.291953125
13.314953125
14.556953125
11.103703125
11.870703125
11.918765625
12.369640625
14.179953125
10.862078125
12.603203125
11.581203125
12.075203125
12.231265625
13.577265625
12.600140625
12.689765625
12.018453125
16.317828125
11.542828125
10.890078125
13.073140625
10.432953125
13.910890625
14.253078125
11.433203125
10.728578125
11.213828125
15.873265625
15.076078125
13.210390625
16.997453125
12.820828125
10.519265625
14.738078125
11.115953125
13.080953125
12.272015625
15.488140625
10.721140625
10.943140625
13.266140625
14.235578125
45.2082047244
15.2812047244
15.279015625
11.849078125
21.6347244094
13.443078125
15.304578125
21.9887401575
25.7281417323
10.829078125
12.575078125
11.012453125
10.989265625
14.137578125
20.082640625
14.745578125
12.766140625
10.706515625
80.0497795276
13.720078125
11.618203125
14.724640625
11.444453125
12.903453125
13.754453125
12.359640625
10.880703125
10.256140625
12.705515625
28.0953858268
14.497328125
10.331578125
15.390453125
13.705265625
10.440953125
10.881140625
10.628765625
10.239015625
14.523265625
10.401890625
12.309140625
14.809703125
11.042703125
10.689140625
11.449765625
32.8872598425
11.1814330709
24.5094330709
12.660015625
53.1341259843
23.5574330709
16.750515625
10.739015625
14.021578125
14.001578125
39.8471968504
12.911515625
14.061640625
11.056515625
11.134015625
10.8471968504
36.8231968504
10.782453125
12.292453125
16.326015625
10.271828125
11.269265625
10.520265625
14.856328125
13.556328125
11.247328125
16.712953125
10.644390625
11.026515625
11.066953125
13.283765625
14.996953125
10.488640625
20.7910708661
12.963515625
65.5588818898
18.7923307087
14.638390625
15.034265625
12.631140625
23.5619685039
18.059390625
15.954765625
11.280015625
11.869015625
13.970890625
10.846703125
19.6416535433
14.387265625
18.357765625
20.6876377953
16.252453125
24.0161417323
17.512453125
12.405703125
10.278078125
10.581015625
10.417328125
27.2942519685
11.032140625
15.525703125
11.174953125
11.579953125
27.3121417323
17.287828125
11.237203125
10.295265625
15.635203125
21.2041732283
11.465953125
10.547140625
14.242765625
10.547765625
11.482703125
16.519015625
33.4851181102
11.614265625
12.265078125
10.449953125
10.776015625
11.377265625
11.053453125
11.476453125
11.105328125
15.869703125
13.066765625
11.707765625
10.408703125
11.318078125
10.674953125
20.8180314961
14.095890625
10.400703125
11.810015625
10.713203125
35.5704094488
68.9418740157
17.896515625
17.9568661417
12.126578125
22.4514173228
15.018640625
11.109640625
13.911515625
13.013078125
11.284078125
10.680078125
10.348390625
16.106390625
17.268703125
15.018015625
38.0272913386
10.033640625
14.840578125
10.486015625
13.570703125
14.850328125
13.803015625
18.3022519685
15.206203125
14.981203125
18.079203125
19.550515625
11.841515625
11.808765625
10.890078125
10.910015625
10.6884488189
22.8074488189
10.792515625
12.377390625
11.904828125
11.559703125
11.277703125
20.8069448819
11.284078125
12.248390625
11.544640625
13.450765625
10.428078125
52.381496063
25.0208031496
12.270640625
13.559828125
21.1854015748
13.067515625
10.942140625
10.952265625
10.743390625
16.334265625
13.186078125
10.676140625
20.3860944882
33.896015748
12.762828125
14.006140625
11.080578125
11.977890625
11.423078125
42.209023622
16.980015625
11.4130787402
43.6240787402
10.354828125
27.4552598425
12.859203125
19.7819370079
11.669078125
11.812078125
11.321578125
11.268578125
16.192015748
11.844265625
12.859203125
10.870203125
10.597390625
11.407578125
12.323203125
14.911578125
10.587578125
16.044828125
12.827703125
11.353828125
14.161390625
16.986203125
19.864640625
12.971828125
54.2471338583
14.7621338583
15.081578125
15.555703125
12.340453125
11.787453125
12.238140625
30.8557637795
12.204328125
21.8621259843
10.073765625
11.588828125
16.921765625
15.222578125
14.519453125
11.088390625
11.519390625
12.698015625
11.829015625
13.605015625
10.551640625
11.400828125
10.736953125
22.3416850394
25.3918267717
10.612890625
11.404578125
18.519015625
12.324578125
11.235578125
29.1757637795
17.4097637795
14.182078125
10.519078125
21.6120472441
11.883765625
16.491765625
11.438015625
18.4298740157
17.169515625
21.6317637795
17.3637637795
11.461078125
10.838828125
13.3434330709
24.3814330709
12.368515625
16.574078125
10.512578125
14.288140625
12.344703125
48.7767086614
40.0522992126
10.434140625
10.5865511811
36.9245511811
15.066140625
10.822453125
25.244992126
29.170976378
30.694
11.920265625
12.925328125
15.229953125
14.860328125
15.049265625
10.606265625
11.631390625
31.87
10.448203125
11.033390625
10.904390625
49.6573385827
17.4722677165
13.054265625
11.462140625
10.643515625
12.692328125
10.437078125
12.118515625
14.073953125
17.101015625
11.405015625
10.831765625
10.704765625
20.0168346457
12.217890625
12.943640625
14.348640625
32.9382204724
12.324578125
20.7746929134
10.677578125
14.317265625
13.950203125
11.024765625
14.764765625
15.094578125
15.965390625
19.5848346457
10.942140625
13.4334645669	25.1134645669
12.185390625
31.4544409449
10.653078125
10.948765625
16.926328125
10.979640625
12.626828125
10.830828125
18.6452440945
14.534765625
10.785015625
14.189140625
19.537390625
14.486015625
12.156765625
14.366640625
10.568703125
11.525578125
11.347578125
13.805640625
11.259640625
15.128828125
13.356203125
16.762453125
17.603578125
11.010390625
21.139480315
11.228515625
13.763140625
12.137578125
12.917703125
18.4654015748
10.778328125
23.5884251969
11.049578125
11.271578125
20.8381259843
11.567203125
18.018640625
15.026703125
17.047453125
13.618828125
12.728203125
14.825078125
14.981453125
35.6479527559
11.2029527559
23.4537480315
16.833703125
19.049390625
13.639390625
11.611390625
13.310390625
18.866640625
10.8981811024
21.4771811024
47.3495590551
13.397703125
10.368828125
12.150828125
22.6444251969
20.1628503937
13.809953125
22.3037007874
12.974890625
39.7181259843
11.699578125
11.847390625
12.839703125
71.0778740157
10.548890625
19.204703125
10.776328125
12.192765625
11.004703125
13.740515625
14.785078125
11.663078125
32.8716377953
10.630953125
12.268578125
11.935265625
10.688015625
14.182578125
17.716890625
19.104390625
11.284890625
11.363140625
11.971984252
50.259984252
13.464765625
10.482703125
10.729453125
15.141828125
16.996453125
17.205390625
13.888390625
15.261578125
12.876828125
10.469015625
23.4361102362
21.6041102362
11.456390625
10.889890625
10.418703125
11.167703125
10.768203125
12.969140625
11.021078125
11.050515625
10.861953125
21.8266614173
11.833578125
17.082953125
11.388890625
11.963828125
20.7912598425
17.752265625
12.015203125
14.818703125
12.666953125
10.547953125
12.917515625
13.590578125
10.679578125
10.590578125
10.813390625
16.417328125
11.486515625
10.778078125
34.7518897638
11.088390625
37.0604251969
12.958703125
11.246703125
10.747640625
12.174765625
11.491640625
10.886890625
25.6711338583
10.439140625
14.175140625
11.780265625
10.325890625
10.987265625
24.5265669291
11.534515625
13.352515625
10.940515625
13.470078125
10.537453125
12.474890625
18.764390625
11.565578125
10.852890625
11.384078125
10.505015625
10.657890625
17.196890625
11.717890625
25.3251181102
17.141828125
19.4821574803
44.4912283465
11.199578125
11.877515625
11.163515625
10.948328125
12.696515625
10.173515625
11.918515625
11.025453125
15.150015625
12.466890625
33.3244251969
20.185265625
78.1159212598
12.275890625
13.138515625
11.143078125
14.645953125
12.551328125
23.5263149606
11.430265625
28.8522362205
18.479578125
12.739265625
14.682765625
16.694390625
16.109265625
60.2103464567
13.973453125
12.786828125
11.104015625
10.636578125
11.056265625
10.721328125
12.577265625
10.566015625
14.530015625
11.042015625
29.169023622
10.551515625
13.573765625
11.202703125
10.270328125
11.184328125
14.004515625
10.752453125
13.780265625
10.748390625
15.558765625
11.308203125
16.302953125
12.174328125
10.605328125
26.2045511811
10.254640625
16.558390625
11.3986929134
32.7746929134
21.3791653543
10.727765625
16.244578125
11.384640625
17.191140625
11.370953125
10.542515625
16.586890625
10.989015625
15.002828125
13.563828125
14.932578125
18.283765625
16.709015625
14.084703125
11.620265625
15.450078125
13.278703125
11.200890625
11.004703125
12.816578125
11.730828125
13.125265625
12.588953125
20.8221889764
12.040265625
14.034890625
20.4031653543
13.014890625
10.752390625
9.873390625
17.989140625
16.348640625
11.361828125
10.787203125
11.480328125
10.818390625
20.9418740157
21.7908818898
14.302140625
22.8933070866
16.598390625
11.098640625
11.874015625
22.934503937
10.873328125
11.507265625
12.801765625
47.7890551181
13.728140625
11.260828125
12.037453125
10.809140625
13.341890625
12.326890625
10.829703125
17.032328125
14.017640625
11.038140625
12.123390625
69.9237952756
19.095390625
11.004828125
13.425953125
10.674265625
13.562390625
10.511265625
11.965703125
10.886265625
15.640515625
13.002390625
26.8611181102
32.8928031496
11.517265625
13.115265625
48.6258425197
16.885703125
32.4386929134
10.316765625
13.875515625
31.9237952756
19.1757952756
12.870640625
18.294078125
19.9273858268
10.530828125
10.846265625
10.593203125
12.180078125
10.589578125
10.478203125
16.069390625
11.948515625
13.769453125
13.264765625
19.486503937
11.672828125
23.7779055118
12.698953125
25.1069133858
15.855203125
12.786578125
13.181515625
11.631078125
