2.400000000000000000e+01 5.000000000000000000e-01
4.700000000000000000e+01 1.000000000000000000e+00
6.900000000000000000e+01 1.500000000000000000e+00
9.100000000000000000e+01 2.000000000000000000e+00
1.140000000000000000e+02 2.500000000000000000e+00
1.360000000000000000e+02 3.000000000000000000e+00
1.580000000000000000e+02 3.500000000000000000e+00
1.810000000000000000e+02 4.000000000000000000e+00
2.030000000000000000e+02 4.500000000000000000e+00
2.250000000000000000e+02 5.000000000000000000e+00
2.480000000000000000e+02 5.500000000000000000e+00
2.700000000000000000e+02 6.000000000000000000e+00
2.920000000000000000e+02 6.500000000000000000e+00
3.150000000000000000e+02 7.000000000000000000e+00
3.370000000000000000e+02 7.500000000000000000e+00
3.600000000000000000e+02 8.000000000000000000e+00
3.820000000000000000e+02 8.500000000000000000e+00
4.040000000000000000e+02 9.000000000000000000e+00
4.270000000000000000e+02 9.500000000000000000e+00
4.450000000000000000e+02 9.900000000000000355e+00
